"especie"	"rotacao"	"regiao"	"fazenda"	"projeto"	"estrato"	"talhao"	"idade"	"ano"	"pagina"	"arvore"	"dap"	"ht"	"vol"	"voltot"
"E.grandis"	1	"Bofete"	6	23	612	8	8.2	92	74402	1	21.01	26.41	392.36471	392.468
"E.grandis"	1	"Bofete"	6	23	612	8	8.2	92	74502	1	19.42	25.39	351.187569	352.1834
"E.grandis"	1	"Bofete"	6	23	612	8	8.2	92	74603	1	17.19	25	268.057611	268.5181
"E.grandis"	1	"Bofete"	6	23	612	8	8.2	92	74704	1	15.6	25	219.528058	220.5352
"E.grandis"	1	"Bofete"	6	23	612	8	8.2	92	74704	2	15.92	25.25	239.436614	239.4366
"E.grandis"	1	"Bofete"	6	23	612	8	8.2	92	74805	1	13.37	18.95	115.259827	116.5266
"E.grandis"	1	"Bofete"	6	23	612	8	8.2	92	74805	2	14.96	22.7	178.209533	178.8213
"E.grandis"	1	"Bofete"	6	23	612	8	8.2	92	74905	1	12.41	21.1	126.900429	127.4169
"E.grandis"	1	"Bofete"	6	23	612	8	8.2	92	74905	2	11.78	20.06	107.153403	107.552
"E.grandis"	1	"Bofete"	6	23	612	8	8.2	92	75006	1	10.5	19.09	65.26859	66.79798
"E.grandis"	1	"Bofete"	6	23	612	8	8.2	92	75006	2	10.82	19.13	76.509751	77.44095
"E.grandis"	1	"Bofete"	6	23	612	8	8.2	92	75006	3	9.55	19.45	63.68218	65.06853
"E.grandis"	1	"Bofete"	6	23	612	8	8.2	92	75104	1	7.64	16.77	31.046628	33.70477
"E.grandis"	1	"Bofete"	6	23	612	8	8.2	92	75104	2	9.23	15.89	48.792146	49.328
"E.grandis"	1	"Bofete"	6	23	612	8	8.2	92	75202	1	6.05	12.06	18.073983	19.08108
"E.grandis"	1	"Bofete"	6	23	612	9	8.1	92	74201	1	26.74	32.93	758.684176	759.2645
"E.grandis"	1	"Bofete"	6	23	612	9	8.1	92	74301	1	23.24	32.18	588.945358	588.9454
"E.grandis"	1	"Bofete"	6	23	612	9	8.1	92	74402	2	22.6	31.58	563.507855	563.9404
"E.grandis"	1	"Bofete"	6	23	612	9	8.1	92	74502	2	20.69	30.09	403.431461	404.0118
"E.grandis"	1	"Bofete"	6	23	612	9	8.1	92	74603	2	18.14	28.59	310.893607	311.2503
"E.grandis"	1	"Bofete"	6	23	612	9	8.1	92	74603	3	17.83	26.77	271.680008	272.4164
"E.grandis"	1	"Bofete"	6	23	612	9	8.1	92	74704	3	15.28	24.09	196.080145	196.5006
"E.grandis"	1	"Bofete"	6	23	612	9	8.1	92	74704	4	15.28	25.5	208.753519	209.6968
"E.grandis"	1	"Bofete"	6	23	612	9	8.1	92	74805	3	14.96	25.57	209.648645	211.0672
"E.grandis"	1	"Bofete"	6	23	612	9	8.1	92	74805	4	14.01	23.27	153.16932	153.8457
"E.grandis"	1	"Bofete"	6	23	612	9	8.1	92	74805	5	13.37	23.4	151.011368	151.4693
"E.grandis"	1	"Bofete"	6	23	612	9	8.1	92	74905	3	12.1	21.15	104.624554	105.2049
"E.grandis"	1	"Bofete"	6	23	612	9	8.1	92	74905	4	12.41	23.17	134.629847	135.1702
"E.grandis"	1	"Bofete"	6	23	612	9	8.1	92	74905	5	12.73	20.87	111.265206	112.5229
"E.grandis"	1	"Bofete"	6	23	612	9	8.1	92	75006	4	9.55	16.59	53.669504	54.61276
"E.grandis"	1	"Bofete"	6	23	612	9	8.1	92	75006	5	11.14	21.11	87.597982	89.01653
"E.grandis"	1	"Bofete"	6	23	612	9	8.1	92	75006	6	10.5	19.18	75.424319	76.64708
"E.grandis"	1	"Bofete"	6	23	612	9	8.1	92	75104	3	8.59	15.9	37.095325	38.98059
"E.grandis"	1	"Bofete"	6	23	612	9	8.1	92	75104	4	8.28	16.09	45.054951	45.47544
"E.grandis"	1	"Bofete"	6	23	612	9	8.1	92	75202	2	6.68	11.4	19.618202	21.28808
"E.grandis"	1	"Bofete"	6	23	612	9	8.1	92	75301	1	5.09	10.82	8.448626	11.39855
"E.grandis"	1	"Bofete"	6	32	604	1	5.7	92	71104	1	9.23	19.45	66.527579	68.05772
"E.grandis"	1	"Bofete"	6	32	604	1	5.7	92	71206	1	10.5	19.24	77.85187	78.90295
"E.grandis"	1	"Bofete"	6	32	604	1	5.7	92	71206	2	10.19	19.37	72.243538	73.5696
"E.grandis"	1	"Bofete"	6	32	604	1	5.7	92	71306	1	12.41	20.21	121.029614	121.526
"E.grandis"	1	"Bofete"	6	32	604	1	5.7	92	71306	2	11.78	22.55	119.861675	120.3975
"E.grandis"	1	"Bofete"	6	32	604	1	5.7	92	71405	1	14.01	22.87	167.56967	168.7565
"E.grandis"	1	"Bofete"	6	32	604	3	5.7	92	70802	1	5.41	12.44	11.805457	14.19666
"E.grandis"	1	"Bofete"	6	32	604	3	5.7	92	71004	1	6.37	13.53	19.261756	21.33829
"E.grandis"	1	"Bofete"	6	32	604	3	5.7	92	71004	2	6.37	13.38	18.35192	21.07087
"E.grandis"	1	"Bofete"	6	32	604	3	5.7	92	71104	2	7.64	17.19	34.953603	37.1935
"E.grandis"	1	"Bofete"	6	32	604	3	5.7	92	71206	3	10.82	21.21	96.256102	96.8485
"E.grandis"	1	"Bofete"	6	32	604	3	5.7	92	71206	4	10.5	19.01	86.507822	87.05222
"E.grandis"	1	"Bofete"	6	32	604	3	5.7	92	71306	3	12.73	21.3	133.517016	134.4289
"E.grandis"	1	"Bofete"	6	32	604	3	5.7	92	71306	4	11.46	20.46	101.336308	102.3635
"E.grandis"	1	"Bofete"	6	32	604	3	5.7	92	71405	2	14.01	23.05	169.620069	170.1165
"E.grandis"	1	"Bofete"	6	32	604	3	5.7	92	71405	3	14.32	22.97	182.373007	182.8694
"E.grandis"	1	"Bofete"	6	32	604	3	5.7	92	71602	1	18.14	24.91	291.280283	291.7767
"E.grandis"	1	"Bofete"	6	32	604	8	5.7	92	70802	2	5.41	12.5	14.623187	16.61577
"E.grandis"	1	"Bofete"	6	32	604	8	5.7	92	71004	3	5.73	11.92	13.640968	15.74892
"E.grandis"	1	"Bofete"	6	32	604	8	5.7	92	71004	4	6.37	13.29	20.074589	22.30344
"E.grandis"	1	"Bofete"	6	32	604	8	5.7	92	71104	3	7.64	14.91	32.282947	34.13227
"E.grandis"	1	"Bofete"	6	32	604	8	5.7	92	71104	4	7.96	15.41	38.062602	39.58067
"E.grandis"	1	"Bofete"	6	32	604	8	5.7	92	71206	5	10.5	18.76	80.725418	81.18989
"E.grandis"	1	"Bofete"	6	32	604	8	5.7	92	71206	6	9.87	17.49	67.113412	68.14061
"E.grandis"	1	"Bofete"	6	32	604	8	5.7	92	71306	5	11.46	20	98.242794	98.62734
"E.grandis"	1	"Bofete"	6	32	604	8	5.7	92	71306	6	12.1	18.65	109.072504	109.5051
"E.grandis"	1	"Bofete"	6	32	604	8	5.7	92	71405	4	14.01	19.76	139.851983	140.2365
"E.grandis"	1	"Bofete"	6	32	604	8	5.7	92	71405	5	13.69	20.42	155.211924	155.4112
"E.grandis"	1	"Bofete"	6	32	604	8	5.7	92	71602	2	17.83	21.91	245.88152	246.5579
"E.grandis"	1	"Bofete"	6	32	604	8	5.7	92	71701	1	20.05	21.87	291.373039	291.7717
"E.grandis"	1	"Bofete"	6	32	605	18	5.4	92	72905	1	14.64	20.97	164.301263	164.7977
"E.grandis"	1	"Bofete"	6	32	605	18	5.4	92	72905	2	11.78	19.4	96.186221	97.06187
"E.grandis"	1	"Bofete"	6	32	605	18	5.4	92	72905	3	13.69	20.4	143.814376	144.0137
"E.grandis"	1	"Bofete"	6	32	605	18	5.4	92	72905	4	14.01	20.9	152.274001	152.8184
"E.grandis"	1	"Bofete"	6	32	605	18	5.4	92	72905	5	14.96	22.41	180.692676	180.892
"E.grandis"	1	"Bofete"	6	32	606	9	5.2	92	105103	1	14.01	21.45	148.454488	149.4623
"E.grandis"	1	"Bofete"	6	32	606	9	5.2	92	105103	2	14.96	21.55	174.441696	175.2455
"E.grandis"	1	"Bofete"	6	32	606	9	5.2	92	105203	1	12.73	21.54	129.835431	130.8433
"E.grandis"	1	"Bofete"	6	32	606	9	5.2	92	105203	2	12.1	22.2	127.106875	127.6472
"E.grandis"	1	"Bofete"	6	32	606	9	5.2	92	105303	1	11.14	20.16	88.591955	89.23311
"E.grandis"	1	"Bofete"	6	32	606	9	5.2	92	105303	2	9.87	20.18	67.443688	68.45078
"E.grandis"	1	"Bofete"	6	32	606	9	5.2	92	122202	1	4.77	10.19	7.75995	10.16751
"E.grandis"	1	"Bofete"	6	32	606	9	5.2	92	122303	1	7.32	16.46	32.300034	34.22074
"E.grandis"	1	"Bofete"	6	32	606	9	5.2	92	122404	1	8.28	15.44	40.872996	42.19905
"E.grandis"	1	"Bofete"	6	32	606	9	5.2	92	122404	2	9.23	19.18	67.851883	68.9907
"E.grandis"	1	"Bofete"	6	32	606	9	5.2	92	122504	1	10.82	20.09	90.157988	91.24903
"E.grandis"	1	"Bofete"	6	32	606	9	5.2	92	122603	1	11.78	19.57	102.778248	103.4659
"E.grandis"	1	"Bofete"	6	32	606	9	5.2	92	122703	1	13.37	21.17	141.956697	142.4171
"E.grandis"	1	"Bofete"	6	32	606	9	5.2	92	122804	1	15.28	21.53	176.216574	176.9042
"E.grandis"	1	"Bofete"	6	32	606	9	5.2	92	122804	2	15.92	23.71	221.077716	221.415
"E.grandis"	1	"Bofete"	6	32	606	9	5.2	92	122902	1	19.74	25.96	348.21627	348.7607
"E.grandis"	1	"Bofete"	6	32	606	9	5.2	92	123104	1	17.83	25	279.455411	279.4554
"E.grandis"	1	"Bofete"	6	32	606	10	5.2	92	122202	2	4.77	11.23	5.777699	8.946541
"E.grandis"	1	"Bofete"	6	32	606	10	5.2	92	122303	2	6.05	13.27	17.949827	19.44327
"E.grandis"	1	"Bofete"	6	32	606	10	5.2	92	122404	3	8.59	17.2	45.141981	46.14908
"E.grandis"	1	"Bofete"	6	32	606	10	5.2	92	122504	2	9.87	19.76	75.952793	77.00789
"E.grandis"	1	"Bofete"	6	32	606	10	5.2	92	122603	2	12.41	22.95	128.501813	129.6886
"E.grandis"	1	"Bofete"	6	32	606	10	5.2	92	122703	2	13.37	23.59	153.936289	154.8434
"E.grandis"	1	"Bofete"	6	32	606	10	5.2	92	122804	3	16.55	26.21	270.587135	271.1675
"E.grandis"	1	"Bofete"	6	32	606	10	5.2	92	123104	2	18.14	27.02	318.540169	318.8589
"E.grandis"	1	"Bofete"	6	32	606	10	5.2	92	123104	3	17.19	26.62	293.651	294.2628
"E.grandis"	1	"Bofete"	6	32	606	26	5.2	92	105103	3	14.01	23.35	156.413992	157.5485
"E.grandis"	1	"Bofete"	6	32	606	26	5.2	92	105203	3	12.73	22.87	134.708669	135.1691
"E.grandis"	1	"Bofete"	6	32	606	26	5.2	92	105303	3	11.14	21.12	90.796823	91.98364
"E.grandis"	1	"Bofete"	6	32	606	26	5.2	92	122303	3	7.32	16.07	33.437577	35.2869
"E.grandis"	1	"Bofete"	6	32	606	26	5.2	92	122404	4	7.96	17.41	43.145102	44.57923
"E.grandis"	1	"Bofete"	6	32	606	26	5.2	92	122504	3	10.82	21.17	90.468361	91.69112
"E.grandis"	1	"Bofete"	6	32	606	26	5.2	92	122504	4	10.5	19.17	67.501006	68.91955
"E.grandis"	1	"Bofete"	6	32	606	26	5.2	92	122603	3	12.41	22.96	134.211151	134.6716
"E.grandis"	1	"Bofete"	6	32	606	26	5.2	92	122703	3	14.01	23.27	157.237843	158.4606
"E.grandis"	1	"Bofete"	6	32	606	26	5.2	92	122804	4	16.55	24.53	245.046941	245.2462
"E.grandis"	1	"Bofete"	6	32	606	26	5.2	92	122902	2	19.74	26.09	370.691491	370.6915
"E.grandis"	1	"Bofete"	6	32	606	26	5.2	92	123104	4	18.46	26.47	307.244066	307.5814
"E.grandis"	1	"Bofete"	6	89	601	1	3	92	71801	1	4.46	10.96	6.991351	9.429805
"E.grandis"	1	"Bofete"	6	89	601	1	3	92	71902	1	6.68	13.14	21.644435	23.37363
"E.grandis"	1	"Bofete"	6	89	601	1	3	92	72005	1	8.59	16.19	44.732034	45.95479
"E.grandis"	1	"Bofete"	6	89	601	1	3	92	72005	2	8.59	15.47	42.272976	43.687
"E.grandis"	1	"Bofete"	6	89	601	1	3	92	72005	3	7.64	14.99	30.365806	32.73742
"E.grandis"	1	"Bofete"	6	89	601	1	3	92	72108	1	10.82	16.83	71.725356	72.63242
"E.grandis"	1	"Bofete"	6	89	601	1	3	92	72108	2	9.87	16.14	60.044326	61.31107
"E.grandis"	1	"Bofete"	6	89	601	1	3	92	72108	3	10.82	17.33	71.861595	72.24765
"E.grandis"	1	"Bofete"	6	89	601	1	3	92	72108	4	11.14	17.97	81.746868	82.49409
"E.grandis"	1	"Bofete"	6	89	601	1	3	92	72108	5	10.5	16.29	66.322457	66.81885
"E.grandis"	1	"Bofete"	6	89	601	1	3	92	72210	1	12.41	18.48	106.810608	107.4103
"E.grandis"	1	"Bofete"	6	89	601	1	3	92	72210	2	11.78	17.18	86.043345	86.36204
"E.grandis"	1	"Bofete"	6	89	601	1	3	92	72210	3	11.46	17.19	75.279012	76.46583
"E.grandis"	1	"Bofete"	6	89	601	1	3	92	72210	4	13.05	18.56	101.874451	102.4983
"E.grandis"	1	"Bofete"	6	89	601	1	3	92	72210	5	12.73	17.9	97.479563	97.77036
"E.grandis"	1	"Bofete"	6	89	601	1	3	92	72210	6	11.78	17.19	88.722295	89.14279
"E.grandis"	1	"Bofete"	6	89	601	1	3	92	72407	1	13.37	18.34	107.393275	107.8512
"E.grandis"	1	"Bofete"	6	89	601	1	3	92	72407	2	14.64	18.94	128.461326	128.7521
"E.grandis"	1	"Bofete"	6	89	601	1	3	92	72407	3	13.69	17.98	113.817789	114.2023
"E.grandis"	1	"Bofete"	6	89	601	1	3	92	72502	1	15.28	18.67	150.824576	151.6276
"E.grandis"	1	"Bofete"	6	89	601	2	2.9	92	71902	2	7.32	13.24	27.834307	29.25285
"E.grandis"	1	"Bofete"	6	89	601	2	2.9	92	72005	4	8.91	15.76	49.088752	49.99582
"E.grandis"	1	"Bofete"	6	89	601	2	2.9	92	72005	5	7.96	13.57	28.865342	29.9878
"E.grandis"	1	"Bofete"	6	89	601	2	2.9	92	72108	6	11.14	17.4	79.704256	80.31601
"E.grandis"	1	"Bofete"	6	89	601	2	2.9	92	72108	7	11.14	17.3	71.380995	71.90478
"E.grandis"	1	"Bofete"	6	89	601	2	2.9	92	72108	8	10.5	15.51	64.937773	65.40225
"E.grandis"	1	"Bofete"	6	89	601	2	2.9	92	72210	7	11.46	16.09	72.182325	72.44095
"E.grandis"	1	"Bofete"	6	89	601	2	2.9	92	72210	8	12.73	18.68	106.319616	107.0387
"E.grandis"	1	"Bofete"	6	89	601	2	2.9	92	72210	9	12.73	17.4	97.85172	98.46347
"E.grandis"	1	"Bofete"	6	89	601	2	2.9	92	72210	10	11.46	16.09	75.822971	76.20752
"E.grandis"	1	"Bofete"	6	89	601	2	2.9	92	72301	1	11.78	16.45	77.873037	78.34303
"E.grandis"	1	"Bofete"	6	89	601	2	2.9	92	72407	4	14.96	18.03	133.957358	135.0125
"E.grandis"	1	"Bofete"	6	89	601	2	2.9	92	72407	5	13.37	17.61	100.143198	100.8623
"E.grandis"	1	"Bofete"	6	89	601	2	2.9	92	72407	6	13.69	19.49	124.071256	124.6071
"E.grandis"	1	"Bofete"	6	89	601	2	2.9	92	72407	7	14.01	19.02	129.430649	130.4385
"E.grandis"	1	"Bofete"	6	89	601	2	2.9	92	72502	2	16.23	18.25	164.940514	165.4809
"E.grandis"	1	"Bofete"	6	89	602	11	2.6	92	104503	1	11.46	16.12	78.77304	79.09173
"E.grandis"	1	"Bofete"	6	89	602	11	2.6	92	104503	2	13.05	19.21	120.935648	121.3561
"E.grandis"	1	"Bofete"	6	89	602	11	2.6	92	104603	1	10.82	17.17	75.743465	76.67843
"E.grandis"	1	"Bofete"	6	89	602	11	2.6	92	104603	2	11.14	18.23	86.740359	87.12491
"E.grandis"	1	"Bofete"	6	89	602	11	2.6	92	104703	1	9.23	14.02	43.94137	44.88463
"E.grandis"	1	"Bofete"	6	89	602	11	2.6	92	104703	2	8.59	14.67	41.035385	41.94245
"E.grandis"	1	"Bofete"	6	89	602	12	2.6	92	72705	1	14.01	19.63	130.290169	130.826
"E.grandis"	1	"Bofete"	6	89	602	12	2.6	92	72705	2	15.28	20.64	159.33206	160.1358
"E.grandis"	1	"Bofete"	6	89	602	12	2.6	92	72705	3	13.69	18.44	114.103226	114.8029
"E.grandis"	1	"Bofete"	6	89	602	12	2.6	92	72705	4	14.32	19.75	130.868088	131.6719
"E.grandis"	1	"Bofete"	6	89	602	12	2.6	92	72705	5	14.64	20.6	145.895967	146.5198
"E.grandis"	1	"Bofete"	6	89	602	12	2.6	92	104503	3	12.41	20.16	115.248482	115.633
"E.grandis"	1	"Bofete"	6	89	602	12	2.6	92	104603	3	9.87	17.87	61.116096	62.53387
"E.grandis"	1	"Bofete"	6	89	602	12	2.6	92	104703	3	9.23	15.46	46.115926	47.54201
"E.grandis"	1	"Bofete"	6	89	603	10	2.6	92	104803	1	11.78	18.91	97.94331	98.29996
"E.grandis"	1	"Bofete"	6	89	603	10	2.6	92	104803	2	13.05	19.38	108.610199	109.2099
"E.grandis"	1	"Bofete"	6	89	603	10	2.6	92	104903	1	11.46	19.19	81.438489	82.52953
"E.grandis"	1	"Bofete"	6	89	603	10	2.6	92	104903	2	10.5	17.39	66.58079	67.86309
"E.grandis"	1	"Bofete"	6	89	603	10	2.6	92	105003	1	8.59	15.97	47.925455	48.89661
"E.grandis"	1	"Bofete"	6	89	603	10	2.6	92	105003	2	8.91	16.17	47.226278	48.23337
"E.grandis"	1	"Bofete"	6	89	603	10	2.6	92	121702	1	4.46	9.71	7.2751	9.023149
"E.grandis"	1	"Bofete"	6	89	603	10	2.6	92	121805	4	7.32	14.12	30.189814	31.16097
"E.grandis"	1	"Bofete"	6	89	603	10	2.6	92	121805	5	7.32	14.71	25.23901	27.44222
"E.grandis"	1	"Bofete"	6	89	603	10	2.6	92	121905	1	8.59	15.93	47.665583	48.41281
"E.grandis"	1	"Bofete"	6	89	603	10	2.6	92	121905	2	8.59	16.11	45.698459	46.47358
"E.grandis"	1	"Bofete"	6	89	603	10	2.6	92	121905	3	9.23	16.61	52.147477	53.4856
"E.grandis"	1	"Bofete"	6	89	603	10	2.6	92	122010	1	11.14	18.37	78.787417	80.1934
"E.grandis"	1	"Bofete"	6	89	603	10	2.6	92	122010	2	10.19	18.18	65.08024	66.2027
"E.grandis"	1	"Bofete"	6	89	603	10	2.6	92	122010	3	10.5	18.13	79.492575	80.3157
"E.grandis"	1	"Bofete"	6	89	603	10	2.6	92	122010	4	10.5	18.79	80.807088	81.83429
"E.grandis"	1	"Bofete"	6	89	603	10	2.6	92	122010	5	11.14	18.19	83.557501	84.18182
"E.grandis"	1	"Bofete"	6	89	603	10	2.6	92	122103	1	14.96	20.78	159.558993	159.7897
"E.grandis"	1	"Bofete"	6	89	603	10	2.6	92	128805	1	7.96	15.1	33.891961	35.12174
"E.grandis"	1	"Bofete"	6	89	603	10	2.6	92	128805	2	7.64	13.51	26.188831	27.6898
"E.grandis"	1	"Bofete"	6	89	603	10	2.6	92	128805	3	9.55	17.14	57.4777	59.02719
"E.grandis"	1	"Bofete"	6	89	603	10	2.6	92	128905	1	10.19	17.61	63.420242	65.04538
"E.grandis"	1	"Bofete"	6	89	603	10	2.6	92	128905	2	11.14	17.28	76.711327	77.2517
"E.grandis"	1	"Bofete"	6	89	603	15	2.4	92	72605	1	12.41	14.13	76.056819	77.11192
"E.grandis"	1	"Bofete"	6	89	603	15	2.4	92	72605	2	11.14	12.3	55.164176	55.55023
"E.grandis"	1	"Bofete"	6	89	603	15	2.4	92	72605	3	13.05	14.32	84.740437	85.26423
"E.grandis"	1	"Bofete"	6	89	603	15	2.4	92	72605	4	11.78	13.34	64.785507	65.3852
"E.grandis"	1	"Bofete"	6	89	603	15	2.4	92	72605	5	11.78	12.55	62.887161	63.24179
"E.grandis"	1	"Bofete"	6	89	603	15	2.5	92	104803	3	11.78	14.79	68.610334	69.43346
"E.grandis"	1	"Bofete"	6	89	603	15	2.5	92	104903	3	10.5	13.75	56.30651	57.21358
"E.grandis"	1	"Bofete"	6	89	603	15	2.5	92	105003	3	9.23	13.89	42.099588	42.92271
"E.grandis"	1	"Bofete"	6	89	603	15	2.5	92	121702	2	5.09	10.22	8.935475	11.17537
"E.grandis"	1	"Bofete"	6	89	603	15	2.5	92	121805	1	7	11.48	24.190974	24.71476
"E.grandis"	1	"Bofete"	6	89	603	15	2.5	92	121805	2	7	11.03	21.294551	22.32175
"E.grandis"	1	"Bofete"	6	89	603	15	2.5	92	121805	3	7.32	10.12	22.166222	22.79733
"E.grandis"	1	"Bofete"	6	89	603	15	2.5	92	121905	4	9.23	13.84	38.116983	39.56243
"E.grandis"	1	"Bofete"	6	89	603	15	2.5	92	121905	5	8.28	12.13	31.162989	31.96601
"E.grandis"	1	"Bofete"	6	89	603	15	2.5	92	122010	6	10.5	13.78	55.272997	55.88475
"E.grandis"	1	"Bofete"	6	89	603	15	2.5	92	122010	7	10.19	12.43	45.999706	47.19405
"E.grandis"	1	"Bofete"	6	89	603	15	2.5	92	122010	8	10.5	12.15	50.464518	50.78321
"E.grandis"	1	"Bofete"	6	89	603	15	2.5	92	122010	9	11.14	12.96	60.842051	61.2266
"E.grandis"	1	"Bofete"	6	89	603	15	2.5	92	122010	10	11.14	12.48	52.903466	54.09781
"E.grandis"	1	"Bofete"	6	89	603	15	2.5	92	122103	2	14.01	14.93	95.307757	95.79184
"E.grandis"	1	"Bofete"	6	89	603	15	2.5	92	122103	3	13.37	13.84	89.966154	90.87322
"E.grandis"	1	"Bofete"	6	89	603	15	2.5	92	128805	4	8.59	12.69	36.383271	37.00709
"E.grandis"	1	"Bofete"	6	89	603	15	2.5	92	128805	5	9.23	12.24	38.702525	39.05716
"E.grandis"	1	"Bofete"	6	89	603	15	2.5	92	128905	3	10.19	11.95	45.20321	45.84638
"E.grandis"	1	"Bofete"	6	89	603	15	2.5	92	128905	4	11.14	13.03	58.81634	59.37155
"E.grandis"	1	"Bofete"	6	89	603	15	2.5	92	128905	5	10.82	13.81	59.13403	59.83375
"E.grandis"	1	"Bofete"	6	90	608	11	2.8	93	316405	1	8.59	16.19	44.732034	45.95479
"E.grandis"	1	"Bofete"	6	90	608	11	2.8	93	316405	2	8.59	15.47	42.272976	43.687
"E.grandis"	1	"Bofete"	6	90	608	11	2.8	93	316405	3	7.64	14.99	30.365806	32.73742
"E.grandis"	1	"Bofete"	6	90	608	11	2.8	93	316405	4	8.91	15.76	49.088752	49.99582
"E.grandis"	1	"Bofete"	6	90	608	11	2.8	93	316405	5	7.96	13.57	28.865342	29.9878
"E.grandis"	1	"Bofete"	6	90	608	11	2.8	93	316508	1	10.82	16.83	71.725356	72.63242
"E.grandis"	1	"Bofete"	6	90	608	11	2.8	93	316508	2	9.87	16.14	60.044326	61.31107
"E.grandis"	1	"Bofete"	6	90	608	11	2.8	93	316508	3	10.82	17.33	71.861595	72.24765
"E.grandis"	1	"Bofete"	6	90	608	11	2.8	93	316508	4	11.14	17.97	81.746868	82.49409
"E.grandis"	1	"Bofete"	6	90	608	11	2.8	93	316508	5	10.5	16.29	66.322457	66.81885
"E.grandis"	1	"Bofete"	6	90	608	11	2.8	93	316508	6	11.14	17.4	79.704256	80.31601
"E.grandis"	1	"Bofete"	6	90	608	11	2.8	93	316508	7	11.14	17.3	71.380995	71.90478
"E.grandis"	1	"Bofete"	6	90	608	11	2.8	93	316508	8	10.5	15.51	64.937773	65.40225
"E.grandis"	1	"Bofete"	6	90	608	12	2.8	93	316610	1	12.41	18.48	106.810608	107.4103
"E.grandis"	1	"Bofete"	6	90	608	12	2.8	93	316610	2	11.78	17.18	86.043345	86.36204
"E.grandis"	1	"Bofete"	6	90	608	12	2.8	93	316610	3	11.46	17.19	75.279012	76.46583
"E.grandis"	1	"Bofete"	6	90	608	12	2.8	93	316610	4	13.05	18.56	101.874451	102.4983
"E.grandis"	1	"Bofete"	6	90	608	12	2.8	93	316610	5	12.73	17.9	97.479563	97.77036
"E.grandis"	1	"Bofete"	6	90	608	12	2.8	93	316610	6	11.78	17.19	88.722295	89.14279
"E.grandis"	1	"Bofete"	6	90	608	12	2.8	93	316610	7	11.46	16.09	72.182325	72.44095
"E.grandis"	1	"Bofete"	6	90	608	12	2.8	93	316610	8	12.73	18.68	106.319616	107.0387
"E.grandis"	1	"Bofete"	6	90	608	12	2.8	93	316610	9	12.73	17.4	97.85172	98.46347
"E.grandis"	1	"Bofete"	6	90	608	12	2.8	93	316610	10	11.46	16.09	75.822971	76.20752
"E.grandis"	1	"Bofete"	6	90	608	12	2.8	93	316701	1	11.78	16.45	77.873037	78.34303
"E.grandis"	1	"Bofete"	6	91	609	15	2.5	93	316805	1	8.59	16.19	44.732034	45.95479
"E.grandis"	1	"Bofete"	6	91	609	15	2.5	93	316805	2	8.59	15.47	42.272976	43.687
"E.grandis"	1	"Bofete"	6	91	609	15	2.5	93	316805	3	7.64	14.99	30.365806	32.73742
"E.grandis"	1	"Bofete"	6	91	609	15	2.5	93	316805	4	8.91	15.76	49.088752	49.99582
"E.grandis"	1	"Bofete"	6	91	609	15	2.5	93	316805	5	7.96	13.57	28.865342	29.9878
"E.grandis"	1	"Bofete"	6	91	609	16	2.5	93	316908	1	10.82	16.83	71.725356	72.63242
"E.grandis"	1	"Bofete"	6	91	609	16	2.5	93	316908	2	9.87	16.14	60.044326	61.31107
"E.grandis"	1	"Bofete"	6	91	609	16	2.5	93	316908	3	10.82	17.33	71.861595	72.24765
"E.grandis"	1	"Bofete"	6	91	609	16	2.5	93	316908	4	11.14	17.97	81.746868	82.49409
"E.grandis"	1	"Bofete"	6	91	609	16	2.5	93	316908	5	10.5	16.29	66.322457	66.81885
"E.grandis"	1	"Bofete"	6	91	609	16	2.5	93	316908	6	11.14	17.4	79.704256	80.31601
"E.grandis"	1	"Bofete"	6	91	609	16	2.5	93	316908	7	11.14	17.3	71.380995	71.90478
"E.grandis"	1	"Bofete"	6	91	609	16	2.5	93	316908	8	10.5	15.51	64.937773	65.40225
"E.grandis"	1	"Bofete"	6	91	609	20	2.5	93	317010	1	12.41	18.48	106.810608	107.4103
"E.grandis"	1	"Bofete"	6	91	609	20	2.5	93	317010	2	11.78	17.18	86.043345	86.36204
"E.grandis"	1	"Bofete"	6	91	609	20	2.5	93	317010	3	11.46	17.19	75.279012	76.46583
"E.grandis"	1	"Bofete"	6	91	609	20	2.5	93	317010	4	13.05	18.56	101.874451	102.4983
"E.grandis"	1	"Bofete"	6	91	609	20	2.5	93	317010	5	12.73	17.9	97.479563	97.77036
"E.grandis"	1	"Bofete"	6	91	609	20	2.5	93	317010	6	11.78	17.19	88.722295	89.14279
"E.grandis"	1	"Bofete"	6	91	609	20	2.5	93	317010	7	11.46	16.09	72.182325	72.44095
"E.grandis"	1	"Bofete"	6	91	609	20	2.5	93	317010	8	12.73	18.68	106.319616	107.0387
"E.grandis"	1	"Bofete"	6	91	609	20	2.5	93	317010	9	12.73	17.4	97.85172	98.46347
"E.grandis"	1	"Bofete"	6	91	609	20	2.5	93	317010	10	11.46	16.09	75.822971	76.20752
"E.grandis"	1	"Bofete"	6	91	609	20	2.5	93	317101	1	11.78	16.45	77.873037	78.34303
"E.grandis"	1	"Bofete"	9	23	909	2	8.2	92	46901	1	25.47	26.01	583.42549	583.9699
"E.grandis"	1	"Bofete"	9	23	909	2	8.2	92	47005	1	11.14	14.01	67.857675	67.85767
"E.grandis"	1	"Bofete"	9	23	909	2	8.2	92	47005	2	10.19	15.35	57.357526	58.14923
"E.grandis"	1	"Bofete"	9	23	909	2	8.2	92	47102	1	20.37	20.93	334.653288	335.0099
"E.grandis"	1	"Bofete"	9	23	909	2	8.2	92	47203	1	7.64	10.87	24.122637	25.0297
"E.grandis"	1	"Bofete"	9	23	909	2	8.2	92	47304	1	15.6	20.55	184.177055	184.4678
"E.grandis"	1	"Bofete"	9	23	909	2	8.2	92	47304	2	16.87	23.61	238.271731	239.0433
"E.grandis"	1	"Bofete"	9	23	909	2	8.2	92	51001	1	5.41	13.04	13.507729	15.67952
"E.grandis"	1	"Bofete"	9	23	909	2	8.2	92	51102	1	6.68	11.08	15.944745	17.55807
"E.grandis"	1	"Bofete"	9	23	909	2	8.2	92	51206	1	12.1	16.37	94.072231	95.04741
"E.grandis"	1	"Bofete"	9	23	909	2	8.2	92	51206	2	11.78	19	94.846893	95.49936
"E.grandis"	1	"Bofete"	9	23	909	2	8.2	92	51304	1	14.96	19.61	150.116509	151.1721
"E.grandis"	1	"Bofete"	9	23	909	2	8.2	92	51304	2	13.69	19.33	143.874443	144.2756
"E.grandis"	1	"Bofete"	9	23	909	2	8.2	92	51403	1	18.14	25.35	288.062652	288.7503
"E.grandis"	1	"Bofete"	9	23	909	2	8.2	92	51502	1	21.96	25.9	424.436091	424.7907
"E.grandis"	1	"Bofete"	9	23	909	2	8.2	92	51601	1	24.51	28.56	587.706016	588.6131
"E.grandis"	1	"Bofete"	9	23	909	6	8.2	92	47005	3	9.87	17.55	60.406292	61.73235
"E.grandis"	1	"Bofete"	9	23	909	6	8.2	92	47102	2	19.1	30.84	399.939605	400.2304
"E.grandis"	1	"Bofete"	9	23	909	6	8.2	92	47203	2	9.23	15.12	43.83778	45.33123
"E.grandis"	1	"Bofete"	9	23	909	6	8.2	92	47304	3	15.28	26.62	219.9357	220.1471
"E.grandis"	1	"Bofete"	9	23	909	6	8.2	92	51102	2	7.32	15.38	32.899701	34.13452
"E.grandis"	1	"Bofete"	9	23	909	6	8.2	92	51206	3	12.1	22.46	113.186223	114.4806
"E.grandis"	1	"Bofete"	9	23	909	6	8.2	92	51206	4	11.78	19.88	100.691115	101.8779
"E.grandis"	1	"Bofete"	9	23	909	6	8.2	92	51304	3	13.37	21.64	126.39122	127.7293
"E.grandis"	1	"Bofete"	9	23	909	6	8.2	92	51403	2	16.87	28.1	287.418563	287.883
"E.grandis"	1	"Bofete"	9	23	909	6	8.2	92	51502	2	21.01	31.25	463.017703	463.5141
"E.grandis"	1	"Bofete"	9	23	909	7	8.2	92	47005	4	11.14	18.84	86.882453	87.88955
"E.grandis"	1	"Bofete"	9	23	909	7	8.2	92	47005	5	9.87	18.13	61.033566	61.83658
"E.grandis"	1	"Bofete"	9	23	909	7	8.2	92	47203	3	7.96	13.96	29.928214	32.16811
"E.grandis"	1	"Bofete"	9	23	909	7	8.2	92	47304	4	15.28	23.42	187.549743	187.653
"E.grandis"	1	"Bofete"	9	23	909	7	8.2	92	51206	5	11.46	18.89	88.943248	89.43964
"E.grandis"	1	"Bofete"	9	23	909	7	8.2	92	51206	6	12.73	21.25	126.596253	127.0926
"E.grandis"	1	"Bofete"	9	23	909	7	8.2	92	51304	4	14.32	22.21	170.810372	170.8104
"E.grandis"	1	"Bofete"	9	23	909	7	8.2	92	51403	3	18.14	27.01	309.704558	310.2849
"E.grandis"	1	"Bofete"	25	16	2528	6	4.3	92	85710	1	5.09	10.96	7.719737	10.60206
"E.grandis"	1	"Bofete"	25	16	2528	6	4.3	92	85710	2	4.46	9.38	5.345125	7.416637
"E.grandis"	1	"Bofete"	25	16	2528	6	4.3	92	85710	3	5.09	10.44	7.944463	10.38344
"E.grandis"	1	"Bofete"	25	16	2528	6	4.3	92	85710	4	5.09	10.2	9.646735	11.532
"E.grandis"	1	"Bofete"	25	16	2528	6	4.3	92	85710	5	5.73	11.08	12.373457	13.98679
"E.grandis"	1	"Bofete"	25	16	2528	6	4.3	92	85803	1	4.77	10.51	7.471929	10.29493
"E.grandis"	1	"Bofete"	25	16	2528	6	4.3	92	85910	1	7	14.24	24.220666	25.95413
"E.grandis"	1	"Bofete"	25	16	2528	6	4.3	92	85910	2	5.73	9.81	15.820774	16.31717
"E.grandis"	1	"Bofete"	25	16	2528	6	4.3	92	85910	3	7	13.07	25.808553	27.12732
"E.grandis"	1	"Bofete"	25	16	2528	6	4.3	92	85910	4	6.37	12.48	18.930004	20.23241
"E.grandis"	1	"Bofete"	25	16	2528	6	4.3	92	85910	5	7.32	14.19	28.717039	29.89984
"E.grandis"	1	"Bofete"	25	16	2528	6	4.3	92	85910	6	6.05	12.53	17.777919	18.98834
"E.grandis"	1	"Bofete"	25	16	2528	6	4.3	92	86104	1	7.96	15.59	39.102139	39.90591
"E.grandis"	1	"Bofete"	25	16	2528	6	4.3	92	86104	2	8.91	15.79	50.674616	51.17101
"E.grandis"	1	"Bofete"	25	16	2528	6	4.3	92	86301	1	20.69	29.37	505.759833	506.3522
"E.grandis"	1	"Bofete"	25	16	2528	6	4.3	92	86401	1	25.47	32.23	663.850541	664.7375
"E.grandis"	1	"Bofete"	25	16	2528	11	4.5	92	85710	6	5.41	10.1	9.910629	11.64409
"E.grandis"	1	"Bofete"	25	16	2528	11	4.5	92	85710	7	5.09	9.57	8.500651	10.71265
"E.grandis"	1	"Bofete"	25	16	2528	11	4.5	92	85710	8	5.09	10.37	7.944463	10.45532
"E.grandis"	1	"Bofete"	25	16	2528	11	4.5	92	85710	9	4.46	8.65	4.206832	7.061256
"E.grandis"	1	"Bofete"	25	16	2528	11	4.5	92	85710	10	5.09	10.23	9.794767	11.72402
"E.grandis"	1	"Bofete"	25	16	2528	11	4.5	92	85803	2	4.46	9.91	5.316706	7.603357
"E.grandis"	1	"Bofete"	25	16	2528	11	4.5	92	85803	3	5.09	10.99	9.506746	12.03444
"E.grandis"	1	"Bofete"	25	16	2528	11	4.5	92	85910	7	6.37	13.44	19.838341	21.87918
"E.grandis"	1	"Bofete"	25	16	2528	11	4.5	92	85910	8	6.68	12.96	22.160158	24.04542
"E.grandis"	1	"Bofete"	25	16	2528	11	4.5	92	85910	9	6.37	13.44	19.838341	21.86712
"E.grandis"	1	"Bofete"	25	16	2528	11	4.5	92	85910	10	6.37	12.17	15.791357	17.44088
"E.grandis"	1	"Bofete"	25	16	2528	11	4.5	92	86002	1	7	11.53	19.513107	21.19505
"E.grandis"	1	"Bofete"	25	16	2528	11	4.5	92	86002	2	6.37	12.71	20.074589	21.89602
"E.grandis"	1	"Bofete"	25	16	2528	11	4.5	92	86104	3	8.91	14.56	41.834174	42.63794
"E.grandis"	1	"Bofete"	25	16	2528	11	4.5	92	86104	4	9.23	15.41	45.525714	46.31742
"E.grandis"	1	"Bofete"	25	16	2528	11	4.5	92	86201	1	11.14	19.21	90.985444	91.52582
"E.grandis"	1	"Bofete"	25	23	2529	5	8.3	92	86501	1	5.09	9.95	9.422803	10.91625
"E.grandis"	1	"Bofete"	25	23	2529	5	8.3	92	86602	1	7.32	13.64	28.818524	29.36442
"E.grandis"	1	"Bofete"	25	23	2529	5	8.3	92	86703	1	8.28	11.88	32.793338	33.17789
"E.grandis"	1	"Bofete"	25	23	2529	5	8.3	92	86703	2	9.23	16.87	55.31123	56.36633
"E.grandis"	1	"Bofete"	25	23	2529	5	8.3	92	86805	1	10.5	16.81	69.154477	69.4131
"E.grandis"	1	"Bofete"	25	23	2529	5	8.3	92	86805	2	11.14	18.42	83.978326	84.59008
"E.grandis"	1	"Bofete"	25	23	2529	5	8.3	92	86905	1	12.41	22.44	122.898209	123.4562
"E.grandis"	1	"Bofete"	25	23	2529	5	8.3	92	86905	2	12.41	21.4	126.796396	127.4841
"E.grandis"	1	"Bofete"	25	23	2529	5	8.3	92	86905	3	12.1	22.46	129.538075	129.8289
"E.grandis"	1	"Bofete"	25	23	2529	5	8.3	92	87005	1	14.32	18.16	154.727495	154.7275
"E.grandis"	1	"Bofete"	25	23	2529	5	8.3	92	87104	1	16.23	20.93	200.557516	201.5287
"E.grandis"	1	"Bofete"	25	23	2529	5	8.3	92	87104	2	16.23	24.24	231.334434	231.9268
"E.grandis"	1	"Bofete"	25	23	2529	5	8.3	92	87203	1	18.46	27.78	310.198573	310.4894
"E.grandis"	1	"Bofete"	25	23	2529	5	8.3	92	87203	2	18.46	26.48	300.499463	300.7108
"E.grandis"	1	"Bofete"	25	23	2529	5	8.3	92	87203	3	17.83	29.59	344.112678	344.3434
"E.grandis"	1	"Bofete"	25	23	2529	5	8.3	92	87302	1	20.05	26.92	422.230972	422.231
"E.grandis"	1	"Bofete"	25	23	2529	5	8.3	92	87402	1	21.33	29.72	511.818407	512.1751
"E.grandis"	1	"Bofete"	25	23	2529	6	8.3	92	86602	2	6.05	9.53	12.695918	14.122
"E.grandis"	1	"Bofete"	25	23	2529	6	8.3	92	86703	3	8.28	14.23	41.101472	41.10147
"E.grandis"	1	"Bofete"	25	23	2529	6	8.3	92	86805	3	10.82	17.01	75.829513	77.16813
"E.grandis"	1	"Bofete"	25	23	2529	6	8.3	92	86805	4	10.82	17.34	76.035778	76.55957
"E.grandis"	1	"Bofete"	25	23	2529	6	8.3	92	86805	5	9.55	15.37	55.340898	56.34874
"E.grandis"	1	"Bofete"	25	23	2529	6	8.3	92	86905	4	13.05	18.28	123.147502	123.1475
"E.grandis"	1	"Bofete"	25	23	2529	6	8.3	92	86905	5	13.05	21.49	139.523832	139.8611
"E.grandis"	1	"Bofete"	25	23	2529	6	8.3	92	87005	2	13.69	21.27	140.745338	141.4817
"E.grandis"	1	"Bofete"	25	23	2529	6	8.3	92	87005	3	14.01	17.96	139.126067	139.5586
"E.grandis"	1	"Bofete"	25	23	2529	6	8.3	92	87005	4	13.69	18.83	140.004346	140.3889
"E.grandis"	1	"Bofete"	25	23	2529	6	8.3	92	87005	5	14.96	19.33	174.829741	175.8376
"E.grandis"	1	"Bofete"	25	23	2529	6	8.3	92	87104	3	16.23	21.62	220.488545	221.0329
"E.grandis"	1	"Bofete"	25	23	2529	6	8.3	92	87104	4	15.6	21.21	184.38197	184.9223
"E.grandis"	1	"Bofete"	25	23	2529	6	8.3	92	87302	2	19.42	25.51	340.012959	340.2723
"E.grandis"	1	"Bofete"	25	23	2529	6	8.3	92	87402	2	21.01	23.49	388.498171	388.6575
"E.grandis"	1	"Bofete"	25	23	2529	6	8.3	92	87501	1	23.87	26.32	522.099182	522.2985
"E.grandis"	1	"Bofete"	25	23	2530	14	8.2	92	89503	1	12.1	23.24	129.955165	131.2219
"E.grandis"	1	"Bofete"	25	23	2530	14	8.2	92	89503	2	12.73	21.74	134.322199	134.7548
"E.grandis"	1	"Bofete"	25	23	2530	14	8.2	92	89603	1	15.28	25.68	225.065657	225.3565
"E.grandis"	1	"Bofete"	25	23	2530	14	8.2	92	89703	1	16.23	26.2	260.884169	261.4645
"E.grandis"	1	"Bofete"	25	23	2530	14	8.2	92	89703	2	16.55	27.56	245.305211	246.1532
"E.grandis"	1	"Bofete"	25	23	2530	15	8.2	92	89503	3	13.05	21.21	130.294319	130.8347
"E.grandis"	1	"Bofete"	25	23	2530	15	8.2	92	89603	2	13.69	18.57	132.102616	132.4872
"E.grandis"	1	"Bofete"	25	23	2530	15	8.2	92	89603	3	13.69	23.97	174.25968	174.7103
"E.grandis"	1	"Bofete"	25	23	2530	15	8.2	92	89703	3	16.23	22.87	222.314015	222.8943
"E.grandis"	1	"Bofete"	25	16	2528	135	14.3	93	300102	2	19.1	32.5	427.944166	429.6922
"E.grandis"	1	"Bofete"	25	16	2528	135	14.3	93	300203	3	21.33	35.27	587.396157	587.3962
"E.grandis"	1	"Bofete"	25	16	2528	135	14.3	93	300304	4	23.56	34.8	706.423551	706.9679
"E.grandis"	1	"Bofete"	25	16	2528	135	14.3	93	300404	4	25.15	28.23	462.592571	462.8834
"E.grandis"	1	"Bofete"	25	16	2528	135	14.3	93	300504	4	28.01	33.83	890.552787	891.4038
"E.grandis"	1	"Bofete"	25	16	2528	135	14.3	93	300604	4	29.92	36.94	1216.601928	1217.062
"E.grandis"	1	"Bofete"	25	16	2528	135	14.3	93	300704	4	31.51	40.87	1422.621374	1422.852
"E.grandis"	1	"Bofete"	25	16	2528	135	14.3	93	300803	3	34.06	40.14	1787.600499	1788.572
"E.grandis"	1	"Bofete"	25	16	2528	135	14.3	93	301002	2	37.24	42.58	1955.846439	1955.962
"E.grandis"	1	"Bofete"	25	16	2528	185	14.4	93	300102	1	20.69	33.78	481.351206	482.0703
"E.grandis"	1	"Bofete"	25	16	2528	185	14.4	93	300203	2	22.6	32.62	584.429417	585.569
"E.grandis"	1	"Bofete"	25	16	2528	185	14.4	93	300304	3	23.56	35.47	671.615658	672.2993
"E.grandis"	1	"Bofete"	25	16	2528	185	14.4	93	300404	2	26.42	38.03	827.335676	827.8321
"E.grandis"	1	"Bofete"	25	16	2528	185	14.4	93	300404	3	26.1	40.49	1040.307427	1040.843
"E.grandis"	1	"Bofete"	25	16	2528	185	14.4	93	300504	2	27.69	42.31	1129.544017	1130.04
"E.grandis"	1	"Bofete"	25	16	2528	185	14.4	93	300504	3	27.38	34.85	871.95856	872.2494
"E.grandis"	1	"Bofete"	25	16	2528	185	14.4	93	300604	3	29.29	39.72	1241.96342	1242.235
"E.grandis"	1	"Bofete"	25	16	2528	185	14.4	93	300704	2	31.2	41.48	1496.937507	1497.097
"E.grandis"	1	"Bofete"	25	16	2528	185	14.4	93	300704	3	31.83	39.4	1387.125908	1387.596
"E.grandis"	1	"Bofete"	25	16	2528	185	14.4	93	300803	2	32.79	42.42	1489.689833	1490.302
"E.grandis"	1	"Bofete"	25	16	2528	185	14.4	93	300902	2	35.33	41.16	1592.678407	1593.139
"E.grandis"	1	"Bofete"	25	16	2528	185	14.4	93	301002	1	36.61	43.42	1946.794922	1947.495
"E.grandis"	1	"Bofete"	25	16	2528	185	14.4	93	301101	1	38.2	44.91	2011.819713	2012.111
"E.grandis"	1	"Bofete"	25	16	2528	190	14.3	93	300001	1	17.19	31.54	355.040237	355.3775
"E.grandis"	1	"Bofete"	25	16	2528	190	14.3	93	300203	1	21.33	32.57	540.362529	541.2382
"E.grandis"	1	"Bofete"	25	16	2528	190	14.3	93	300304	1	24.19	36.46	755.48446	756.624
"E.grandis"	1	"Bofete"	25	16	2528	190	14.3	93	300304	2	23.87	32.91	637.872715	638.1313
"E.grandis"	1	"Bofete"	25	16	2528	190	14.3	93	300404	1	25.47	39.07	790.872263	791.5486
"E.grandis"	1	"Bofete"	25	16	2528	190	14.3	93	300504	1	28.33	41.85	1119.345076	1119.636
"E.grandis"	1	"Bofete"	25	16	2528	190	14.3	93	300604	1	29.92	38.96	1108.003636	1108.275
"E.grandis"	1	"Bofete"	25	16	2528	190	14.3	93	300604	2	28.65	38.82	1096.690156	1097.027
"E.grandis"	1	"Bofete"	25	16	2528	190	14.3	93	300704	1	30.56	40.02	1271.485654	1272.03
"E.grandis"	1	"Bofete"	25	16	2528	190	14.3	93	300803	1	32.47	38.2	1497.565845	1497.566
"E.grandis"	1	"Bofete"	25	16	2528	190	14.3	93	300902	1	34.7	41.8	1943.043495	1944.071
"E.grandis"	1	"Bofete"	25	90	2511	78	4.1	94	361201	1	5.09	9.76	7.944463	10.31608
"E.grandis"	1	"Bofete"	25	90	2511	78	4.1	94	361303	1	6.37	13.08	17.295842	19.53574
"E.grandis"	1	"Bofete"	25	90	2511	78	4.1	94	361303	2	6.05	13	17.067637	19.27964
"E.grandis"	1	"Bofete"	25	90	2511	78	4.1	94	361303	3	7	13.97	21.412208	23.67977
"E.grandis"	1	"Bofete"	25	90	2511	78	4.1	94	361404	1	9.23	15.9	48.442785	49.49789
"E.grandis"	1	"Bofete"	25	90	2511	78	4.1	94	361404	2	8.91	16.72	47.482923	48.92837
"E.grandis"	1	"Bofete"	25	90	2511	78	4.1	94	361404	3	8.59	15.32	39.021738	40.13213
"E.grandis"	1	"Bofete"	25	90	2511	78	4.1	94	361404	4	9.23	16.4	44.018209	45.12861
"E.grandis"	1	"Bofete"	25	90	2511	78	4.1	94	361508	1	10.19	17.58	68.034707	68.94178
"E.grandis"	1	"Bofete"	25	90	2511	78	4.1	94	361508	2	10.5	15.54	58.433293	59.13301
"E.grandis"	1	"Bofete"	25	90	2511	78	4.1	94	361508	3	9.87	16.92	61.362342	62.26941
"E.grandis"	1	"Bofete"	25	90	2511	78	4.1	94	361508	4	9.87	16.73	51.563785	52.77019
"E.grandis"	1	"Bofete"	25	90	2511	78	4.1	94	361508	5	9.55	16.85	52.886843	53.8301
"E.grandis"	1	"Bofete"	25	90	2511	78	4.1	94	361508	6	10.19	16.28	60.950125	61.37062
"E.grandis"	1	"Bofete"	25	90	2511	78	4.1	94	361508	7	11.14	17.06	69.66239	70.51341
"E.grandis"	1	"Bofete"	25	90	2511	78	4.1	94	361508	8	10.5	17.35	67.830716	68.95318
"E.grandis"	1	"Bofete"	25	90	2511	78	4.1	94	361609	1	11.46	17.38	73.191047	73.64898
"E.grandis"	1	"Bofete"	25	90	2511	78	4.1	94	361609	2	11.78	19.41	98.709199	99.30889
"E.grandis"	1	"Bofete"	25	90	2511	78	4.1	94	361609	3	12.1	18.52	87.40728	88.5418
"E.grandis"	1	"Bofete"	25	90	2511	78	4.1	94	361609	4	13.05	19.75	117.566231	117.7256
"E.grandis"	1	"Bofete"	25	90	2511	78	4.1	94	361609	5	11.78	17.52	81.051626	81.85539
"E.grandis"	1	"Bofete"	25	90	2511	78	4.1	94	361609	6	11.78	18.14	77.758569	78.81367
"E.grandis"	1	"Bofete"	25	90	2511	78	4.1	94	361609	7	12.1	18.02	97.634888	98.21522
"E.grandis"	1	"Bofete"	25	90	2511	78	4.1	94	361609	8	11.46	19.16	94.617125	95.1575
"E.grandis"	1	"Bofete"	25	90	2511	78	4.1	94	361609	9	13.05	19.48	122.854353	123.542
"E.grandis"	1	"Bofete"	25	90	2511	78	4.1	94	361707	1	13.69	19.32	120.205739	121.3282
"E.grandis"	1	"Bofete"	25	90	2511	78	4.1	94	361707	2	14.32	19.62	140.935644	141.8427
"E.grandis"	1	"Bofete"	25	90	2511	78	4.1	94	361707	3	14.96	20.45	157.992984	158.9169
"E.grandis"	1	"Bofete"	25	90	2511	78	4.1	94	361707	4	13.69	19.48	127.661103	128.2729
"E.grandis"	1	"Bofete"	25	90	2511	78	4.1	94	361707	5	14.64	19.35	145.269231	146.0408
"E.grandis"	1	"Bofete"	25	90	2511	78	4.1	94	361707	6	13.37	18.95	121.981685	122.3662
"E.grandis"	1	"Bofete"	25	90	2511	78	4.1	94	361707	7	14.64	20.03	141.627505	142.8143
"E.grandis"	1	"Bofete"	25	90	2511	78	4.1	94	361803	1	15.6	19.74	166.075579	166.8592
"E.grandis"	1	"Bofete"	25	90	2511	78	4.1	94	361803	2	15.92	20.87	172.515385	172.872
"E.grandis"	1	"Bofete"	25	90	2511	78	4.1	94	361803	3	15.92	21.68	177.138164	177.7499
"E.grandis"	1	"Bofete"	25	90	2511	78	4.1	94	361901	1	18.78	22.59	274.508023	275.3957
"E.grandis"	1	"Bofete"	25	91	2512	18	3.8	94	360407	1	10.82	16.35	74.319444	74.9312
"E.grandis"	1	"Bofete"	25	91	2512	18	3.8	94	360407	2	11.14	17.73	77.41813	78.2219
"E.grandis"	1	"Bofete"	25	91	2512	18	3.8	94	360407	3	10.19	17.22	63.910299	65.13306
"E.grandis"	1	"Bofete"	25	91	2512	18	3.8	94	360407	4	9.87	16.7	58.953581	59.68145
"E.grandis"	1	"Bofete"	25	91	2512	18	3.8	94	360407	5	10.5	16.98	68.866688	69.80165
"E.grandis"	1	"Bofete"	25	91	2512	18	3.8	94	360504	1	8.91	15.05	43.647808	44.47093
"E.grandis"	1	"Bofete"	25	91	2512	18	3.8	94	360504	2	7.96	14.39	31.994133	33.10453
"E.grandis"	1	"Bofete"	25	91	2512	18	3.8	94	360601	1	5.09	10.15	6.373596	9.151868
"E.grandis"	1	"Bofete"	25	91	2512	18	3.8	94	360703	1	5.73	12.53	14.744299	16.31717
"E.grandis"	1	"Bofete"	25	91	2512	18	3.8	94	360808	1	13.05	17.22	106.0079	106.4284
"E.grandis"	1	"Bofete"	25	91	2512	18	3.8	94	360808	2	12.41	18.76	107.389356	108.0891
"E.grandis"	1	"Bofete"	25	91	2512	18	3.8	94	360808	3	12.73	18.66	106.232524	107.355
"E.grandis"	1	"Bofete"	25	91	2512	18	3.8	94	360808	4	12.1	19.03	96.261144	97.2323
"E.grandis"	1	"Bofete"	25	91	2512	18	3.8	94	360907	1	13.37	17.45	109.532515	110.4082
"E.grandis"	1	"Bofete"	25	91	2512	18	3.8	94	360907	2	13.69	18.23	115.632114	116.0526
"E.grandis"	1	"Bofete"	25	91	2512	18	3.8	94	360907	3	14.32	18.66	125.781838	126.4816
"E.grandis"	1	"Bofete"	25	91	2512	18	3.8	94	361003	1	15.92	19.46	182.115758	182.2751
"E.grandis"	1	"Bofete"	25	91	2512	18	3.8	94	361003	2	16.55	19.63	197.460475	198.0008
"E.grandis"	1	"Bofete"	25	91	2512	18	3.8	94	361101	1	17.51	21.05	227.825876	229.0127
"E.grandis"	1	"Bofete"	25	91	2512	22	3.7	94	360808	8	12.41	18.73	102.137784	102.8848
"E.grandis"	1	"Bofete"	25	91	2512	22	3.7	94	360907	4	13.37	18.94	119.65124	120.5583
"E.grandis"	1	"Bofete"	25	91	2512	22	3.7	94	360907	5	14.32	18.78	132.488333	133.2074
"E.grandis"	1	"Bofete"	25	91	2512	22	3.7	94	360907	6	13.69	18.6	123.756021	124.4751
"E.grandis"	1	"Bofete"	25	91	2512	22	3.7	94	360907	7	14.01	18.01	126.411468	126.6228
"E.grandis"	1	"Bofete"	25	91	2512	22	3.7	94	361003	3	16.87	21.43	208.932256	209.632
"E.grandis"	1	"Bofete"	25	92	2542	34	2.2	94	363210	6	7	9.63	17.42356	18.62996
"E.grandis"	1	"Bofete"	25	92	2542	34	2.2	94	363210	7	6.37	9.32	13.862066	14.72465
"E.grandis"	1	"Bofete"	25	92	2542	34	2.2	94	363210	8	7.32	9.01	15.804917	16.62804
"E.grandis"	1	"Bofete"	25	92	2542	34	2.2	94	363210	9	5.73	8.65	10.001115	11.0914
"E.grandis"	1	"Bofete"	25	92	2542	34	2.2	94	363210	10	6.68	10.15	14.78051	16.002
"E.grandis"	1	"Bofete"	25	92	2542	34	2.2	94	363302	1	7.32	11.69	20.99901	22.10941
"E.grandis"	1	"Bofete"	25	92	2542	34	2.2	94	363302	2	5.73	10.63	11.126115	12.77086
"E.grandis"	1	"Bofete"	25	92	2542	34	2.2	94	363410	1	8.28	12.41	29.289496	30.15208
"E.grandis"	1	"Bofete"	25	92	2542	34	2.2	94	363410	2	8.59	12.53	30.545214	31.4636
"E.grandis"	1	"Bofete"	25	92	2542	34	2.2	94	363410	3	8.91	11.87	31.689257	32.30101
"E.grandis"	1	"Bofete"	25	92	2542	34	2.2	94	363410	4	8.28	10.75	26.23802	26.76181
"E.grandis"	1	"Bofete"	25	92	2542	34	2.2	94	363410	5	7.96	12.43	28.405327	29.52779
"E.grandis"	1	"Bofete"	25	92	2542	34	2.2	94	363502	1	8.28	11.12	21.882179	23.10794
"E.grandis"	1	"Bofete"	25	92	2542	34	2.2	94	363502	2	8.91	10.56	24.978658	26.30472
"E.grandis"	1	"Bofete"	25	92	2542	34	2.2	94	363605	1	9.87	11.7	36.987376	37.63055
"E.grandis"	1	"Bofete"	25	92	2542	34	2.2	94	363605	2	9.55	9.99	29.608207	30.23932
"E.grandis"	1	"Bofete"	25	92	2542	34	2.2	94	363605	3	10.5	11.32	44.965278	45.35133
"E.grandis"	1	"Bofete"	25	92	2542	34	2.2	94	363702	1	11.46	13.02	58.995768	59.71484
"E.grandis"	1	"Bofete"	25	92	2542	39	2.1	94	363104	1	5.41	9.54	9.341129	10.93008
"E.grandis"	1	"Bofete"	25	92	2542	39	2.1	94	363104	2	4.14	7.11	3.866786	5.56808
"E.grandis"	1	"Bofete"	25	92	2542	39	2.1	94	363104	3	4.46	8.31	4.678825	7.1178
"E.grandis"	1	"Bofete"	25	92	2542	39	2.1	94	363104	4	3.82	7.43	2.644549	4.695955
"E.grandis"	1	"Bofete"	25	92	2542	39	2.1	94	363210	1	6.37	9.91	14.834742	16.28018
"E.grandis"	1	"Bofete"	25	92	2542	39	2.1	94	363210	2	5.73	8.98	10.807405	11.58253
"E.grandis"	1	"Bofete"	25	92	2542	39	2.1	94	363210	3	6.05	10.43	12.701938	14.6905
"E.grandis"	1	"Bofete"	25	92	2542	39	2.1	94	363210	4	6.68	10.4	17.095306	18.16951
"E.grandis"	1	"Bofete"	25	92	2542	39	2.1	94	363210	5	7	11.63	18.311228	19.72525
"E.grandis"	1	"Bofete"	25	92	2542	39	2.1	94	363410	6	7.96	10.81	23.840302	24.37616
"E.grandis"	1	"Bofete"	25	92	2542	39	2.1	94	363410	7	7.64	11.28	22.920192	23.80715
"E.grandis"	1	"Bofete"	25	92	2542	39	2.1	94	363410	8	9.23	13.12	38.012933	38.73201
"E.grandis"	1	"Bofete"	25	92	2542	39	2.1	94	363410	9	7.64	10.6	24.062028	24.58582
"E.grandis"	1	"Bofete"	25	92	2542	39	2.1	94	363410	10	9.23	11.81	34.685665	35.22152
"E.grandis"	1	"Bofete"	25	92	2543	32	2.5	94	363803	1	6.05	10.87	12.542094	14.18684
"E.grandis"	1	"Bofete"	25	92	2543	32	2.5	94	363803	2	7.32	11.56	22.12449	22.96697
"E.grandis"	1	"Bofete"	25	92	2543	32	2.5	94	363803	3	6.37	10.97	16.102253	17.5678
"E.grandis"	1	"Bofete"	25	92	2543	32	2.5	94	363903	1	8.59	12.7	33.252125	33.77591
"E.grandis"	1	"Bofete"	25	92	2543	32	2.5	94	363903	2	9.23	12.93	35.420114	36.61445
"E.grandis"	1	"Bofete"	25	92	2543	32	2.5	94	363903	3	7.96	10.7	23.282072	24.62019
"E.grandis"	1	"Bofete"	25	92	2543	32	2.5	94	364003	1	9.55	13.53	41.414933	41.93872
"E.grandis"	1	"Bofete"	25	92	2543	32	2.5	94	364003	2	9.87	13.83	50.083883	50.72706
"E.grandis"	1	"Bofete"	25	92	2543	32	2.5	94	364003	3	10.5	14.37	57.242975	57.76677
"E.grandis"	1	"Bofete"	25	92	2543	32	2.5	94	364103	1	12.1	14.37	66.705987	67.09204
"E.grandis"	1	"Bofete"	25	92	2543	32	2.5	94	364103	2	11.46	14.4	63.265189	63.65124
"E.grandis"	1	"Bofete"	25	92	2543	32	2.5	94	364103	3	12.41	14.88	73.76167	74.29752
"E.grandis"	1	"Bofete"	35	34	3501	60	4.9	92	34702	1	4.14	8.69	3.754423	6.608847
"E.grandis"	1	"Bofete"	35	34	3501	60	4.9	92	34804	1	7	12.82	23.298224	25.02742
"E.grandis"	1	"Bofete"	35	34	3501	60	4.9	92	34804	2	7	12.72	24.612195	25.25537
"E.grandis"	1	"Bofete"	35	34	3501	60	4.9	92	34905	1	8.59	15.3	40.151258	41.47732
"E.grandis"	1	"Bofete"	35	34	3501	60	4.9	92	34905	2	7.64	14.85	33.692698	35.54202
"E.grandis"	1	"Bofete"	35	34	3501	60	4.9	92	35008	1	10.5	16.8	77.263721	77.55451
"E.grandis"	1	"Bofete"	35	34	3501	60	4.9	92	35008	2	10.19	16.25	66.534786	67.12718
"E.grandis"	1	"Bofete"	35	34	3501	60	4.9	92	35008	3	10.82	16.72	74.645655	74.90428
"E.grandis"	1	"Bofete"	35	34	3501	60	4.9	92	35107	1	12.41	17.42	101.857326	102.8531
"E.grandis"	1	"Bofete"	35	34	3501	60	4.9	92	35107	2	12.1	18.03	102.123721	102.7762
"E.grandis"	1	"Bofete"	35	34	3501	60	4.9	92	35205	1	14.96	19.46	159.209927	159.8936
"E.grandis"	1	"Bofete"	35	34	3501	60	4.9	92	35205	2	14.64	18.56	151.015821	151.9035
"E.grandis"	1	"Bofete"	35	34	3501	60	4.9	92	35303	1	15.92	19.77	178.605209	179.0378
"E.grandis"	1	"Bofete"	35	34	3501	60	4.9	92	35401	1	17.51	19.31	221.615458	221.8748
"E.grandis"	1	"Bofete"	35	34	3501	61	5	92	34702	2	4.46	9.17	5.68492	8.256592
"E.grandis"	1	"Bofete"	35	34	3501	61	5	92	34804	3	7.32	13.39	27.003705	28.19804
"E.grandis"	1	"Bofete"	35	34	3501	61	5	92	34905	3	8.59	16.68	49.124358	49.74818
"E.grandis"	1	"Bofete"	35	34	3501	61	5	92	34905	4	7.96	15.89	36.447254	37.45435
"E.grandis"	1	"Bofete"	35	34	3501	61	5	92	35008	4	11.14	16.65	80.070699	80.38939
"E.grandis"	1	"Bofete"	35	34	3501	61	5	92	35008	5	9.87	17.56	66.993277	67.8164
"E.grandis"	1	"Bofete"	35	34	3501	61	5	92	35008	6	10.82	16.56	76.63724	77.52495
"E.grandis"	1	"Bofete"	35	34	3501	61	5	92	35107	3	12.73	19.24	120.851041	120.851
"E.grandis"	1	"Bofete"	35	34	3501	61	5	92	35107	4	12.41	18.12	103.630311	104.0149
"E.grandis"	1	"Bofete"	35	34	3501	61	5	92	35107	5	11.46	17.44	85.995448	86.78715
"E.grandis"	1	"Bofete"	35	34	3501	61	5	92	35205	3	14.32	20.04	153.206234	153.7026
"E.grandis"	1	"Bofete"	35	34	3501	61	5	92	35205	4	13.37	19.12	128.736576	129.3609
"E.grandis"	1	"Bofete"	35	34	3501	61	5	92	35303	2	16.87	21.3	229.238211	229.2382
"E.grandis"	1	"Bofete"	35	34	3501	62	5.1	92	34804	4	6.68	12.42	21.548427	22.93505
"E.grandis"	1	"Bofete"	35	34	3501	62	5.1	92	34905	5	8.28	14.49	40.660585	41.30376
"E.grandis"	1	"Bofete"	35	34	3501	62	5.1	92	35008	7	10.5	16.23	71.963414	72.55581
"E.grandis"	1	"Bofete"	35	34	3501	62	5.1	92	35008	8	10.19	15.19	62.359538	62.95194
"E.grandis"	1	"Bofete"	35	34	3501	62	5.1	92	35107	6	13.05	17.42	116.913687	117.1731
"E.grandis"	1	"Bofete"	35	34	3501	62	5.1	92	35107	7	12.1	16.87	99.51634	99.83503
"E.grandis"	1	"Bofete"	35	34	3501	62	5.1	92	35205	5	14.32	18.39	146.4269	146.4269
"E.grandis"	1	"Bofete"	35	34	3501	62	5.1	92	35303	3	15.6	19.05	166.478461	166.9749
"E.grandis"	1	"Bofete"	35	34	3502	35	4.6	92	35505	1	12.41	17.4	106.409513	107.2012
"E.grandis"	1	"Bofete"	35	34	3502	35	4.6	92	35505	2	6.05	11.5	13.668072	15.48473
"E.grandis"	1	"Bofete"	35	34	3502	35	4.6	92	35505	3	13.05	17.67	103.434692	103.8192
"E.grandis"	1	"Bofete"	35	34	3502	35	4.6	92	35505	4	8.91	15.25	46.395822	46.91232
"E.grandis"	1	"Bofete"	35	34	3502	35	4.6	92	35505	5	4.77	10.33	5.777699	8.435836
"E.grandis"	1	"Bofete"	35	34	3503	10	3.4	92	35605	1	9.23	16.79	49.603934	51.04938
"E.grandis"	1	"Bofete"	35	34	3503	10	3.4	92	35605	2	12.41	18.42	96.425029	97.75109
"E.grandis"	1	"Bofete"	35	34	3503	10	3.4	92	35605	3	10.19	17.45	61.76141	63.1875
"E.grandis"	1	"Bofete"	35	34	3503	10	3.4	92	35605	4	7.96	14.89	32.847947	34.32129
"E.grandis"	1	"Bofete"	35	34	3503	10	3.4	92	35605	5	7	13.86	23.862179	25.25158
"E.grandis"	1	"Bofete"	35	88	3507	25	3.8	92	36805	1	16.23	21.36	190.004882	190.6046
"E.grandis"	1	"Bofete"	35	88	3507	25	3.8	92	36805	2	10.19	18.48	66.908792	68.01919
"E.grandis"	1	"Bofete"	35	88	3507	25	3.8	92	36805	3	11.14	17.68	73.666872	74.47064
"E.grandis"	1	"Bofete"	35	88	3507	25	3.8	92	36805	4	6.68	14.44	21.792215	24.30307
"E.grandis"	1	"Bofete"	35	88	3507	25	3.8	92	36805	5	6.05	11.82	14.258201	16.58256
"E.grandis"	1	"Bofete"	35	88	3508	54	3.6	92	36905	1	6.37	13.25	16.963587	19.05168
"E.grandis"	1	"Bofete"	35	88	3508	54	3.6	92	36905	2	7	13.26	22.109948	23.45157
"E.grandis"	1	"Bofete"	35	88	3508	54	3.6	92	36905	3	8.28	14.69	35.435865	36.94515
"E.grandis"	1	"Bofete"	35	88	3508	54	3.6	92	36905	4	9.23	15.42	46.920381	48.20269
"E.grandis"	1	"Bofete"	35	88	3508	54	3.6	92	36905	5	11.14	17.28	77.851454	78.44385
"E.grandis"	1	"Bofete"	35	88	3509	16	3.6	92	37005	1	13.05	16.38	90.001909	91.04043
"E.grandis"	1	"Bofete"	35	88	3509	16	3.6	92	37005	2	11.78	16	76.536167	77.35929
"E.grandis"	1	"Bofete"	35	88	3509	16	3.6	92	37005	3	9.55	15.24	50.352426	51.28739
"E.grandis"	1	"Bofete"	35	88	3509	16	3.6	92	37005	4	8.28	12.69	29.395109	30.84055
"E.grandis"	1	"Bofete"	35	88	3509	16	3.6	92	37005	5	5.73	10.62	11.491267	13.59922
"E.grandis"	1	"Bofete"	35	89	3510	38	2.9	92	37102	1	4.14	8.56	4.122637	6.381391
"E.grandis"	1	"Bofete"	35	89	3510	38	2.9	92	37304	1	7	11.19	19.739357	20.51448
"E.grandis"	1	"Bofete"	35	89	3510	38	2.9	92	37408	1	7.64	12.94	26.469603	27.94294
"E.grandis"	1	"Bofete"	35	89	3510	38	2.9	92	37408	2	8.59	11.74	29.932463	30.75559
"E.grandis"	1	"Bofete"	35	89	3510	38	2.9	92	37408	3	9.23	12.85	40.056728	40.9638
"E.grandis"	1	"Bofete"	35	89	3510	38	2.9	92	37510	1	9.87	12.8	41.636572	42.69167
"E.grandis"	1	"Bofete"	35	89	3510	38	2.9	92	37510	2	10.19	14.38	52.022693	53.24545
"E.grandis"	1	"Bofete"	35	89	3510	38	2.9	92	37510	3	9.87	13.16	50.519684	51.144
"E.grandis"	1	"Bofete"	35	89	3510	38	2.9	92	37707	1	11.78	14.38	71.303908	71.99156
"E.grandis"	1	"Bofete"	35	89	3510	38	2.9	92	37707	2	13.05	14.79	86.497816	87.40488
"E.grandis"	1	"Bofete"	35	89	3510	38	2.9	92	37707	3	12.1	15.33	78.096659	78.48121
"E.grandis"	1	"Bofete"	35	89	3510	38	2.9	92	37803	1	13.69	15.58	96.089169	96.87283
"E.grandis"	1	"Bofete"	35	89	3510	48	2.8	92	37304	2	6.68	11.78	18.625419	19.8552
"E.grandis"	1	"Bofete"	35	89	3510	48	2.8	92	37408	4	9.23	14.23	41.055032	41.83015
"E.grandis"	1	"Bofete"	35	89	3510	48	2.8	92	37408	5	9.23	13.9	40.80672	41.44989
"E.grandis"	1	"Bofete"	35	89	3510	48	2.8	92	37510	4	10.82	14.25	56.518465	57.60951
"E.grandis"	1	"Bofete"	35	89	3510	48	2.8	92	37510	5	9.55	13.07	43.362241	44.45328
"E.grandis"	1	"Bofete"	35	89	3510	48	2.8	92	37510	6	10.19	14.36	51.637644	52.72868
"E.grandis"	1	"Bofete"	35	89	3510	48	2.8	92	37707	4	12.1	15.3	82.957061	83.45345
"E.grandis"	1	"Bofete"	35	89	3510	48	2.8	92	37707	5	11.78	15.71	77.556054	78.28392
"E.grandis"	1	"Bofete"	35	89	3510	48	2.8	92	37803	2	13.69	16.18	97.253381	97.60801
"E.grandis"	1	"Bofete"	35	89	3510	65	2.9	92	37102	2	3.82	7.92	2.520645	5.298916
"E.grandis"	1	"Bofete"	35	89	3510	65	2.9	92	37304	3	6.37	11.66	16.393545	18.50149
"E.grandis"	1	"Bofete"	35	89	3510	65	2.9	92	37304	4	6.05	11.64	16.162819	17.65627
"E.grandis"	1	"Bofete"	35	89	3510	65	2.9	92	37408	6	8.91	14.09	40.707195	41.59416
"E.grandis"	1	"Bofete"	35	89	3510	65	2.9	92	37408	7	8.28	13.33	34.721856	36.00416
"E.grandis"	1	"Bofete"	35	89	3510	65	2.9	92	37408	8	7.96	13.74	33.121611	34.5477
"E.grandis"	1	"Bofete"	35	89	3510	65	2.9	92	37510	7	9.55	14.01	47.84355	48.89865
"E.grandis"	1	"Bofete"	35	89	3510	65	2.9	92	37510	8	10.19	15.16	57.815955	59.03871
"E.grandis"	1	"Bofete"	35	89	3510	65	2.9	92	37510	9	10.5	15.29	62.370251	62.83472
"E.grandis"	1	"Bofete"	35	89	3510	65	2.9	92	37510	10	9.87	14.26	50.406116	50.94649
"E.grandis"	1	"Bofete"	35	89	3510	65	2.9	92	37601	1	9.55	13.1	40.880037	42.06284
"E.grandis"	1	"Bofete"	35	89	3510	65	2.9	92	37707	6	11.46	15.85	78.252251	78.57094
"E.grandis"	1	"Bofete"	35	89	3510	65	2.9	92	37707	7	12.73	15.9	94.002684	94.29348
"E.grandis"	1	"Bofete"	35	89	3510	65	2.9	92	37803	3	14.32	16.94	122.260682	122.7571
"E.grandis"	1	"Bofete"	35	89	3510	65	2.9	92	37901	1	15.6	16.79	143.376072	143.7606
"E.grandis"	1	"Bofete"	35	90	3511	4	2.6	92	116503	1	10.82	18.37	70.596712	71.79105
"E.grandis"	1	"Bofete"	35	90	3511	4	2.6	92	116503	2	11.14	17.08	75.906121	76.32661
"E.grandis"	1	"Bofete"	35	90	3511	4	2.6	92	116603	1	8.28	13.37	36.224028	37.01573
"E.grandis"	1	"Bofete"	35	90	3511	4	2.6	92	116603	2	9.23	15.99	55.513285	56.05366
"E.grandis"	1	"Bofete"	35	90	3511	4	2.6	92	116703	1	6.05	12.4	16.215637	17.96846
"E.grandis"	1	"Bofete"	35	90	3511	4	2.6	92	116703	2	7.32	12.14	24.22898	25.41178
"E.grandis"	1	"Bofete"	35	90	3511	5	2.8	92	116503	3	9.87	15.05	52.812419	53.83962
"E.grandis"	1	"Bofete"	35	90	3511	5	2.8	92	116603	3	7.96	13.88	31.28008	32.85747
"E.grandis"	1	"Bofete"	35	90	3511	5	2.8	92	116703	3	6.68	12.47	21.662082	22.99216
"E.grandis"	1	"Bofete"	35	90	3511	39	2.6	92	38005	1	5.41	9.95	9.116403	11.22435
"E.grandis"	1	"Bofete"	35	90	3511	39	2.6	92	38005	2	9.55	13.71	46.78891	47.67662
"E.grandis"	1	"Bofete"	35	90	3511	39	2.6	92	38005	3	9.23	13.42	41.247588	41.93524
"E.grandis"	1	"Bofete"	35	90	3511	39	2.6	92	38005	4	4.77	8.43	6.413809	8.130438
"E.grandis"	1	"Bofete"	35	90	3511	39	2.6	92	38005	5	7.64	11.99	24.086697	25.78799
"E.grandis"	1	"Bofete"	35	90	3512	50	2.2	92	38105	1	11.14	12.29	53.489507	53.91
"E.grandis"	1	"Bofete"	35	90	3512	50	2.2	92	38105	2	6.68	10	16.510679	17.3338
"E.grandis"	1	"Bofete"	35	90	3512	50	2.2	92	38105	3	7.96	11.36	25.614768	26.66987
"E.grandis"	1	"Bofete"	35	90	3512	50	2.2	92	38105	4	7.64	11.79	24.21683	25.74697
"E.grandis"	1	"Bofete"	35	90	3512	50	2.2	92	38105	5	6.37	9.97	16.762239	17.6972
"E.grandis"	1	"Bofete"	35	90	3512	50	2.4	92	116803	1	10.5	12.23	46.496039	47.55114
"E.grandis"	1	"Bofete"	35	90	3512	50	2.4	92	116803	2	10.82	13.37	58.904305	59.3743
"E.grandis"	1	"Bofete"	35	90	3512	50	2.4	92	116803	3	9.87	13.4	49.815968	50.50362
"E.grandis"	1	"Bofete"	35	90	3512	50	2.4	92	116903	1	7.64	11.23	21.690164	23.41936
"E.grandis"	1	"Bofete"	35	90	3512	50	2.4	92	116903	2	8.59	12.05	33.589877	34.64498
"E.grandis"	1	"Bofete"	35	90	3512	50	2.4	92	116903	3	8.59	12.57	33.679884	34.58695
"E.grandis"	1	"Bofete"	35	90	3512	50	2.4	92	117003	1	6.37	10.93	13.20208	14.62817
"E.grandis"	1	"Bofete"	35	90	3512	50	2.4	92	117003	2	7	11.73	22.00917	23.45461
"E.grandis"	1	"Bofete"	35	90	3512	50	2.4	92	117003	3	6.05	9.92	13.794749	15.49604
"E.grandis"	2	"Bofete"	6	32	614	49	2.5	94	350905	1	10.82	12.89	52.448995	52.6277
"E.grandis"	2	"Bofete"	6	32	614	49	2.5	94	350905	2	9.55	13.11	43.520609	43.90516
"E.grandis"	2	"Bofete"	6	32	614	49	2.5	94	350905	3	9.87	13.18	45.445333	45.73613
"E.grandis"	2	"Bofete"	6	32	614	49	2.5	94	350905	4	10.82	14.07	61.785915	62.10461
"E.grandis"	2	"Bofete"	6	32	614	49	2.5	94	350905	5	9.55	11.46	35.773952	36.89641
"E.grandis"	2	"Bofete"	6	32	614	49	2.5	94	351006	1	7.64	9.13	19.756938	20.84798
"E.grandis"	2	"Bofete"	6	32	614	49	2.5	94	351006	2	8.91	13.13	40.329143	40.58777
"E.grandis"	2	"Bofete"	6	32	614	49	2.5	94	351006	3	8.91	12.36	34.960103	35.48389
"E.grandis"	2	"Bofete"	6	32	614	49	2.5	94	351006	4	9.23	12.2	36.691312	37.74641
"E.grandis"	2	"Bofete"	6	32	614	49	2.5	94	351006	5	8.59	13.5	38.692692	39.21648
"E.grandis"	2	"Bofete"	6	32	614	49	2.5	94	351006	6	7.96	12.23	28.443081	29.49818
"E.grandis"	2	"Bofete"	6	32	614	49	2.5	94	351104	1	7	9.47	17.552235	18.16399
"E.grandis"	2	"Bofete"	6	32	614	49	2.5	94	351104	2	7	10.22	17.706495	18.71359
"E.grandis"	2	"Bofete"	6	32	614	49	2.5	94	351104	3	6.05	9.32	12.501882	13.78419
"E.grandis"	2	"Bofete"	6	32	614	49	2.5	94	351104	4	6.68	10.1	17.21594	18.03906
"E.grandis"	2	"Bofete"	6	32	614	49	2.5	94	351201	1	5.09	8.35	8.148541	9.258937
"E.grandis"	2	"Bofete"	6	32	614	49	2.5	94	351304	1	11.78	14.2	65.945364	67.00046
"E.grandis"	2	"Bofete"	6	32	614	49	2.5	94	351304	2	12.1	20.7	121.044658	121.8283
"E.grandis"	2	"Bofete"	6	32	614	49	2.5	94	351304	3	13.05	21.9	137.088987	137.7128
"E.grandis"	2	"Bofete"	6	32	614	49	2.5	94	351304	4	12.73	20.91	123.06956	123.8927
"E.grandis"	2	"Bofete"	6	32	614	49	2.5	94	351402	1	14.01	21.99	167.290983	168.142
"E.grandis"	2	"Bofete"	6	32	614	49	2.5	94	351402	2	14.64	22.65	181.04885	181.8526
"E.grandis"	2	"Bofete"	6	32	614	49	2.5	94	351502	1	16.23	23.38	215.108234	215.632
"E.grandis"	2	"Bofete"	6	32	614	49	2.5	94	351502	2	15.6	23.18	202.993212	203.3119
"E.grandis"	2	"Bofete"	6	32	614	49	2.5	94	351602	1	17.19	23.99	256.489866	256.8744
"E.grandis"	2	"Bofete"	6	32	614	49	2.5	94	351602	2	16.87	24.21	254.091209	254.4758
"E.grandis"	2	"Bofete"	6	32	614	49	2.5	94	351701	1	19.42	23.49	315.388076	316.1798
"E.grandis"	2	"Bofete"	6	23	619	85	2.1	96	520811	1	5.41	8.16	9.700052	10.92281
"E.grandis"	2	"Bofete"	6	23	619	85	2.1	96	520811	2	4.46	6.7	3.923083	5.057607
"E.grandis"	2	"Bofete"	6	23	619	85	2.1	96	520811	3	4.77	7.7	4.763562	6.852155
"E.grandis"	2	"Bofete"	6	23	619	85	2.1	96	520811	4	5.09	6.58	5.143569	6.485712
"E.grandis"	2	"Bofete"	6	23	619	85	2.1	96	520811	5	5.41	7.4	7.125568	8.551655
"E.grandis"	2	"Bofete"	6	23	619	85	2.1	96	520811	6	4.14	6.2	3.906747	4.913844
"E.grandis"	2	"Bofete"	6	23	619	85	2.1	96	520811	7	4.46	5.55	3.060748	4.506191
"E.grandis"	2	"Bofete"	6	23	619	85	2.1	96	520811	8	4.77	6.4	4.903551	6.109954
"E.grandis"	2	"Bofete"	6	23	619	85	2.1	96	520811	9	5.09	6.8	5.15136	6.596803
"E.grandis"	2	"Bofete"	6	23	619	85	2.1	96	520811	10	5.41	8.1	10.902434	11.32292
"E.grandis"	2	"Bofete"	6	23	619	85	2.1	96	520811	11	4.46	8.22	5.46903	6.830757
"E.grandis"	2	"Bofete"	6	23	619	85	2.1	96	520912	1	7	10.12	17.735186	18.70634
"E.grandis"	2	"Bofete"	6	23	619	85	2.1	96	520912	2	6.37	10.2	16.393545	17.6163
"E.grandis"	2	"Bofete"	6	23	619	85	2.1	96	520912	3	5.73	10	10.883306	12.37675
"E.grandis"	2	"Bofete"	6	23	619	85	2.1	96	520912	4	6.05	8.62	11.818271	12.51799
"E.grandis"	2	"Bofete"	6	23	619	85	2.1	96	520912	5	6.37	9.35	13.338841	14.53318
"E.grandis"	2	"Bofete"	6	23	619	85	2.1	96	520912	6	6.68	10.17	15.674764	16.77764
"E.grandis"	2	"Bofete"	6	23	619	85	2.1	96	520912	7	7.32	9.33	19.145188	19.60916
"E.grandis"	2	"Bofete"	6	23	619	85	2.1	96	520912	8	7	10.55	20.117299	20.94042
"E.grandis"	2	"Bofete"	6	23	619	85	2.1	96	520912	9	7.32	10.43	20.128883	21.55497
"E.grandis"	2	"Bofete"	6	23	619	85	2.1	96	520912	10	6.68	11.2	19.285405	20.37644
"E.grandis"	2	"Bofete"	6	23	619	85	2.1	96	520912	11	5.73	9	11.695093	12.7223
"E.grandis"	2	"Bofete"	6	23	619	85	2.1	96	520912	12	6.68	11.06	19.297468	20.01654
"E.grandis"	2	"Bofete"	6	23	619	85	2.1	96	521008	1	7.96	10.45	24.73864	25.43836
"E.grandis"	2	"Bofete"	6	23	619	85	2.1	96	521008	2	9.23	11.62	37.668489	37.93993
"E.grandis"	2	"Bofete"	6	23	619	85	2.1	96	521008	3	8.59	10.57	30.311197	31.09486
"E.grandis"	2	"Bofete"	6	23	619	85	2.1	96	521008	4	7.64	10.1	21.538111	22.61309
"E.grandis"	2	"Bofete"	6	23	619	85	2.1	96	521008	5	8.91	10.93	32.024096	32.34279
"E.grandis"	2	"Bofete"	6	23	619	85	2.1	96	521008	6	7.96	10.2	24.854502	25.35089
"E.grandis"	2	"Bofete"	6	23	619	85	2.1	96	521008	7	8.59	11.5	30.367243	30.9991
"E.grandis"	2	"Bofete"	6	23	619	85	2.1	96	521008	8	8.28	12	29.997757	30.22848
"E.grandis"	2	"Bofete"	6	23	619	85	2.1	96	521103	1	9.87	12.5	44.917023	45.70069
"E.grandis"	2	"Bofete"	6	23	619	85	2.1	96	521103	2	11.14	11.8	53.825783	54.18244
"E.grandis"	2	"Bofete"	6	23	619	85	2.1	96	521103	3	10.19	12.54	48.709051	49.51207
"E.grandis"	2	"Bofete"	6	32	626	51	2.4	96	517707	1	4.77	6.96	5.051583	6.365307
"E.grandis"	2	"Bofete"	6	32	626	51	2.4	96	517707	2	4.77	6.98	4.479562	5.709342
"E.grandis"	2	"Bofete"	6	32	626	51	2.4	96	517707	3	4.77	6.08	4.403661	5.178782
"E.grandis"	2	"Bofete"	6	32	626	51	2.4	96	517707	4	4.46	5.6	3.108751	4.231211
"E.grandis"	2	"Bofete"	6	32	626	51	2.4	96	517707	5	5.41	7.52	7.422425	8.544885
"E.grandis"	2	"Bofete"	6	32	626	51	2.4	96	517707	6	4.14	7.75	3.866786	5.974736
"E.grandis"	2	"Bofete"	6	32	626	51	2.4	96	517707	7	3.82	7.2	2.408282	4.544129
"E.grandis"	2	"Bofete"	6	32	626	51	2.4	96	517813	1	6.37	9.2	13.318193	14.09331
"E.grandis"	2	"Bofete"	6	32	626	51	2.4	96	517813	2	7	10.5	18.545018	19.65541
"E.grandis"	2	"Bofete"	6	32	626	51	2.4	96	517813	3	6.68	9.87	13.799791	15.34928
"E.grandis"	2	"Bofete"	6	32	626	51	2.4	96	517813	4	7	9.18	16.444298	17.29532
"E.grandis"	2	"Bofete"	6	32	626	51	2.4	96	517813	5	6.05	9.4	12.697917	13.68818
"E.grandis"	2	"Bofete"	6	32	626	51	2.4	96	517813	6	6.68	8.6	14.600018	15.21177
"E.grandis"	2	"Bofete"	6	32	626	51	2.4	96	517813	7	5.73	7.74	8.034156	9.479599
"E.grandis"	2	"Bofete"	6	32	626	51	2.4	96	517813	8	7.32	8.78	17.991308	18.71038
"E.grandis"	2	"Bofete"	6	32	626	51	2.4	96	517813	9	5.73	7.73	8.456916	9.870939
"E.grandis"	2	"Bofete"	6	32	626	51	2.4	96	517813	10	7.32	10.04	19.594345	20.5655
"E.grandis"	2	"Bofete"	6	32	626	51	2.4	96	517813	11	7.32	8.9	15.179579	16.0027
"E.grandis"	2	"Bofete"	6	32	626	51	2.4	96	517813	12	6.05	10.25	12.60191	14.1793
"E.grandis"	2	"Bofete"	6	32	626	51	2.4	96	517813	13	6.37	10.28	13.782685	15.25603
"E.grandis"	2	"Bofete"	6	32	626	51	2.4	96	517911	1	9.23	11.28	29.633355	30.40848
"E.grandis"	2	"Bofete"	6	32	626	51	2.4	96	517911	2	8.59	8.96	21.487901	22.31103
"E.grandis"	2	"Bofete"	6	32	626	51	2.4	96	517911	3	8.91	11.58	28.873047	30.07945
"E.grandis"	2	"Bofete"	6	32	626	51	2.4	96	517911	4	9.23	11.77	35.868482	36.51166
"E.grandis"	2	"Bofete"	6	32	626	51	2.4	96	517911	5	8.91	8.57	24.491558	25.21063
"E.grandis"	2	"Bofete"	6	32	626	51	2.4	96	517911	6	7.64	10.3	19.681018	20.87536
"E.grandis"	2	"Bofete"	6	32	626	51	2.4	96	517911	7	8.91	10.88	30.187042	30.90612
"E.grandis"	2	"Bofete"	6	32	626	51	2.4	96	517911	8	8.59	11.12	27.789323	28.61245
"E.grandis"	2	"Bofete"	6	32	626	51	2.4	96	517911	9	9.23	11.87	35.22056	35.84438
"E.grandis"	2	"Bofete"	6	32	626	51	2.4	96	517911	10	7.96	11.27	26.702513	27.75761
"E.grandis"	2	"Bofete"	6	32	626	51	2.4	96	517911	11	7.64	10.44	22.774226	23.29802
"E.grandis"	2	"Bofete"	6	32	626	51	2.4	96	518004	1	10.82	11.2	38.958376	39.27707
"E.grandis"	2	"Bofete"	6	32	626	51	2.4	96	518004	2	10.5	12.34	49.978211	50.5779
"E.grandis"	2	"Bofete"	6	32	626	51	2.4	96	518004	3	10.19	11.8	41.672763	42.29658
"E.grandis"	2	"Bofete"	6	32	626	51	2.4	96	518004	4	9.87	11.5	39.558024	40.16978
"E.grandis"	2	"Bofete"	6	32	626	51	2.4	96	518101	1	12.41	11.56	61.205058	61.89271
"E.grandis"	2	"Bofete"	6	32	627	61	2	96	523203	1	5.41	8.48	9.757327	10.95167
"E.grandis"	2	"Bofete"	6	32	627	61	2	96	523203	2	4.77	7.45	6.269798	7.26006
"E.grandis"	2	"Bofete"	6	32	627	61	2	96	523203	3	4.46	7.46	5.46903	6.799109
"E.grandis"	2	"Bofete"	6	32	627	61	2	96	523303	1	7.32	10.7	19.39831	20.92845
"E.grandis"	2	"Bofete"	6	32	627	61	2	96	523303	2	5.73	8.7	10.966271	11.59009
"E.grandis"	2	"Bofete"	6	32	627	61	2	96	523303	3	6.05	8.4	10.380144	11.41464
"E.grandis"	2	"Bofete"	6	32	627	61	2	96	523403	1	7.64	10.57	23.145169	23.66896
"E.grandis"	2	"Bofete"	6	32	627	61	2	96	523403	2	8.28	10.62	29.466447	29.93092
"E.grandis"	2	"Bofete"	6	32	627	61	2	96	523403	3	8.59	10.89	28.326967	29.13074
"E.grandis"	2	"Bofete"	6	32	628	48	2.7	96	522903	1	6.68	9.53	20.774308	21.31468
"E.grandis"	2	"Bofete"	6	32	628	48	2.7	96	522903	2	5.73	8.3	11.522207	12.1219
"E.grandis"	2	"Bofete"	6	32	628	48	2.7	96	522903	3	6.05	8.9	13.245811	14.25366
"E.grandis"	2	"Bofete"	6	32	628	48	2.7	96	523003	1	9.23	10.7	35.246643	35.45801
"E.grandis"	2	"Bofete"	6	32	628	48	2.7	96	523003	3	8.59	10.8	29.066875	29.85054
"E.grandis"	2	"Bofete"	6	32	628	48	2.7	96	523103	1	11.14	13.4	66.009578	66.60927
"E.grandis"	2	"Bofete"	6	32	628	48	2.7	96	523103	2	10.5	12.5	47.557053	48.09291
"E.grandis"	2	"Bofete"	6	32	628	48	2.7	96	523103	3	9.55	11.66	40.580494	41.36416
"E.grandis"	2	"Bofete"	9	23	916	10	2.2	95	500510	1	4.46	7.12	4.206832	6.056158
"E.grandis"	2	"Bofete"	9	23	916	10	2.2	95	500510	2	5.41	6.66	7.970319	8.997521
"E.grandis"	2	"Bofete"	9	23	916	10	2.2	95	500510	3	4.77	6.89	6.38189	7.185659
"E.grandis"	2	"Bofete"	9	23	916	10	2.2	95	500510	4	5.41	7.14	8.956559	9.341109
"E.grandis"	2	"Bofete"	9	23	916	10	2.2	95	500510	5	4.77	6.6	5.366524	6.704646
"E.grandis"	2	"Bofete"	9	23	916	10	2.2	95	500510	6	4.46	7.07	5.68492	6.843842
"E.grandis"	2	"Bofete"	9	23	916	10	2.2	95	500510	7	5.09	6.5	5.227512	6.362035
"E.grandis"	2	"Bofete"	9	23	916	10	2.2	95	500510	8	4.77	5.92	5.051583	5.958651
"E.grandis"	2	"Bofete"	9	23	916	10	2.2	95	500510	9	4.14	6.87	4.038694	5.249118
"E.grandis"	2	"Bofete"	9	23	916	10	2.2	95	500510	10	4.14	7.4	3.754423	5.742988
"E.grandis"	2	"Bofete"	9	23	916	10	2.2	95	500706	1	8.28	7.42	17.785188	18.48089
"E.grandis"	2	"Bofete"	9	23	916	10	2.2	95	500706	2	7.96	8.87	21.042242	21.42679
"E.grandis"	2	"Bofete"	9	23	916	10	2.2	95	500706	3	8.59	9.4	24.218644	24.84246
"E.grandis"	2	"Bofete"	9	23	916	10	2.2	95	500706	4	7.64	9.23	19.304553	19.65918
"E.grandis"	2	"Bofete"	9	23	916	10	2.2	95	500706	5	8.91	9.35	27.186318	27.95792
"E.grandis"	2	"Bofete"	9	23	916	10	2.2	95	500706	6	8.59	8.77	22.90417	23.81124
"E.grandis"	2	"Bofete"	9	23	916	10	2.2	95	500901	1	12.1	9.7	45.718227	46.6253
"E.grandis"	2	"Bofete"	9	23	916	10	2.2	95	504903	1	5.09	6.38	5.367501	6.845362
"E.grandis"	2	"Bofete"	9	23	916	10	2.2	95	504903	2	3.82	4.86	2.324339	3.267598
"E.grandis"	2	"Bofete"	9	23	916	10	2.2	95	504903	3	3.82	4.87	2.520645	3.743404
"E.grandis"	2	"Bofete"	9	23	916	23	2.2	95	500610	1	7.32	9.19	18.338376	18.65707
"E.grandis"	2	"Bofete"	9	23	916	23	2.2	95	500610	2	5.73	8.23	9.471305	10.44246
"E.grandis"	2	"Bofete"	9	23	916	23	2.2	95	500610	3	6.05	9.06	12.826636	13.85384
"E.grandis"	2	"Bofete"	9	23	916	23	2.2	95	500610	4	7.32	10.7	20.238246	21.68369
"E.grandis"	2	"Bofete"	9	23	916	23	2.2	95	500610	5	6.68	9.8	16.898729	17.72185
"E.grandis"	2	"Bofete"	9	23	916	23	2.2	95	500610	6	7	9.76	18.273082	19.18015
"E.grandis"	2	"Bofete"	9	23	916	23	2.2	95	500610	7	6.05	9.1	12.611975	13.58313
"E.grandis"	2	"Bofete"	9	23	916	23	2.2	95	500610	8	6.68	9.2	15.112262	16.16736
"E.grandis"	2	"Bofete"	9	23	916	23	2.2	95	500610	9	6.68	9	14.396482	15.42368
"E.grandis"	2	"Bofete"	9	23	916	23	2.2	95	500610	10	6.37	10.57	16.393545	17.83899
"E.grandis"	2	"Bofete"	9	23	916	23	2.2	95	505003	1	6.68	10.87	17.28732	18.86471
"E.grandis"	2	"Bofete"	9	23	916	23	2.2	95	505003	2	7	10.92	17.555235	19.00068
"E.grandis"	2	"Bofete"	9	23	916	23	2.2	95	505003	3	5.73	9.45	11.811206	12.93367
"E.grandis"	2	"Bofete"	11	17	1106	5	3.7	92	48505	1	12.73	19.7	109.645648	111.0911
"E.grandis"	2	"Bofete"	11	17	1106	5	3.7	92	48505	2	17.83	21.75	243.381107	243.7378
"E.grandis"	2	"Bofete"	11	17	1106	5	3.7	92	48505	3	8.59	12.17	29.997863	31.0889
"E.grandis"	2	"Bofete"	11	17	1106	5	3.7	92	48505	4	10.5	15.99	65.031361	65.91832
"E.grandis"	2	"Bofete"	11	17	1106	5	3.7	92	48505	5	11.46	16.65	78.707475	79.65073
"E.grandis"	2	"Bofete"	11	17	1106	5	3.8	92	107303	1	12.41	18.6	106.246877	107.2741
"E.grandis"	2	"Bofete"	11	17	1106	5	3.8	92	107303	2	11.46	16.77	82.483022	83.64194
"E.grandis"	2	"Bofete"	11	17	1106	5	3.8	92	107403	1	10.82	16.72	75.274743	76.07851
"E.grandis"	2	"Bofete"	11	17	1106	5	3.8	92	107403	2	10.19	16.24	64.111919	65.20296
"E.grandis"	2	"Bofete"	11	17	1106	5	3.8	92	107503	1	9.23	14.47	46.052045	47.46607
"E.grandis"	2	"Bofete"	11	17	1106	5	3.8	92	107503	2	7.64	12	28.054489	29.10557
"E.grandis"	2	"Bofete"	11	17	1106	7	3.7	92	107303	3	12.1	17.1	90.225987	90.68644
"E.grandis"	2	"Bofete"	11	17	1106	7	3.7	92	107403	3	10.82	17.45	68.878249	70.20431
"E.grandis"	2	"Bofete"	11	17	1106	7	3.7	92	107503	3	8.59	14.15	36.688355	37.62332
"E.grandis"	2	"Bofete"	25	24	2532	230	2.9	94	358103	1	6.37	11.37	15.508833	17.22546
"E.grandis"	2	"Bofete"	25	24	2532	230	2.9	94	358103	2	5.73	11.31	10.883306	12.95482
"E.grandis"	2	"Bofete"	25	24	2532	230	2.9	94	358103	3	6.05	12.01	14.352727	16.12867
"E.grandis"	2	"Bofete"	25	24	2532	230	2.9	94	358203	1	8.91	13.02	34.225736	35.77523
"E.grandis"	2	"Bofete"	25	24	2532	230	2.9	94	358203	2	8.28	14.37	36.041871	37.24023
"E.grandis"	2	"Bofete"	25	24	2532	230	2.9	94	358203	3	7.64	14.32	28.278151	30.0747
"E.grandis"	2	"Bofete"	25	24	2532	230	2.9	94	358303	1	11.14	14.38	62.093791	62.47984
"E.grandis"	2	"Bofete"	25	24	2532	230	2.9	94	358303	2	9.87	15.19	50.682615	51.53364
"E.grandis"	2	"Bofete"	25	24	2532	230	2.9	94	358303	3	9.55	15.68	52.290694	52.91451
"E.grandis"	2	"Bofete"	25	24	2534	214	3.5	94	356903	1	4.14	8.72	3.754423	6.252944
"E.grandis"	2	"Bofete"	25	24	2534	214	3.5	94	356903	2	3.82	6.26	2.216268	3.909771
"E.grandis"	2	"Bofete"	25	24	2534	214	3.5	94	356903	3	4.46	8.65	4.282984	6.570134
"E.grandis"	2	"Bofete"	25	24	2534	214	3.5	94	357005	1	5.73	10.66	11.491267	13.68391
"E.grandis"	2	"Bofete"	25	24	2534	214	3.5	94	357005	2	7.32	14.43	23.689792	26.20065
"E.grandis"	2	"Bofete"	25	24	2534	214	3.5	94	357005	3	6.05	12.08	14.794573	16.65848
"E.grandis"	2	"Bofete"	25	24	2534	214	3.5	94	357005	4	6.37	11.33	14.445216	16.08997
"E.grandis"	2	"Bofete"	25	24	2534	214	3.5	94	357005	5	7	12.33	19.625199	21.34183
"E.grandis"	2	"Bofete"	25	24	2534	214	3.5	94	357108	1	7.96	12.81	28.353302	29.71078
"E.grandis"	2	"Bofete"	25	24	2534	214	3.5	94	357108	2	7.64	13.95	28.574215	30.01966
"E.grandis"	2	"Bofete"	25	24	2534	214	3.5	94	357108	3	8.59	15.96	39.305216	40.88261
"E.grandis"	2	"Bofete"	25	24	2534	214	3.5	94	357108	4	8.91	15.95	43.873468	45.98142
"E.grandis"	2	"Bofete"	25	24	2534	214	3.5	94	357108	5	8.28	14.85	35.753598	37.06732
"E.grandis"	2	"Bofete"	25	24	2534	214	3.5	94	357108	6	9.23	16.21	50.546985	51.47818
"E.grandis"	2	"Bofete"	25	24	2534	214	3.5	94	357108	7	9.23	17.17	52.643303	54.25663
"E.grandis"	2	"Bofete"	25	24	2534	214	3.5	94	357108	8	8.59	14.39	38.600706	39.53115
"E.grandis"	2	"Bofete"	25	24	2534	214	3.5	94	357210	1	10.19	16.5	57.717969	59.29586
"E.grandis"	2	"Bofete"	25	24	2534	214	3.5	94	357210	2	10.19	17.02	60.545905	62.0954
"E.grandis"	2	"Bofete"	25	24	2534	214	3.5	94	357210	3	11.14	16.9	72.410824	73.21459
"E.grandis"	2	"Bofete"	25	24	2534	214	3.5	94	357210	4	9.87	15.58	48.624173	49.91854
"E.grandis"	2	"Bofete"	25	24	2534	214	3.5	94	357210	5	9.87	15.78	57.736594	58.58762
"E.grandis"	2	"Bofete"	25	24	2534	214	3.5	94	357210	6	10.5	16.25	64.301954	65.39299
"E.grandis"	2	"Bofete"	25	24	2534	214	3.5	94	357210	7	11.14	16.67	71.39256	71.86255
"E.grandis"	2	"Bofete"	25	24	2534	214	3.5	94	357210	8	10.19	16.35	58.258841	59.17722
"E.grandis"	2	"Bofete"	25	24	2534	214	3.5	94	357210	9	10.5	16.84	63.974223	64.51008
"E.grandis"	2	"Bofete"	25	24	2534	214	3.5	94	357210	10	9.55	14.7	47.619327	48.15518
"E.grandis"	2	"Bofete"	25	24	2534	214	3.5	94	357306	1	12.41	17.76	99.706458	100.5942
"E.grandis"	2	"Bofete"	25	24	2534	214	3.5	94	357306	2	11.46	18.42	85.159678	86.36608
"E.grandis"	2	"Bofete"	25	24	2534	214	3.5	94	357306	3	13.05	18.55	108.157684	108.8009
"E.grandis"	2	"Bofete"	25	24	2534	214	3.5	94	357306	4	11.78	16.51	79.171673	80.46604
"E.grandis"	2	"Bofete"	25	24	2534	214	3.5	94	357306	5	11.46	14.7	68.614748	69.52182
"E.grandis"	2	"Bofete"	25	24	2534	214	3.5	94	357306	6	11.46	16.82	75.402626	76.1217
"E.grandis"	2	"Bofete"	25	24	2534	214	3.5	94	357403	1	14.32	17.28	117.237586	118.1726
"E.grandis"	2	"Bofete"	25	24	2534	214	3.5	94	357403	2	13.69	18.24	112.418418	112.7371
"E.grandis"	2	"Bofete"	25	24	2534	214	3.5	94	357403	3	14.64	18.94	134.19377	134.9968
"E.grandis"	2	"Bofete"	25	24	2536	217	3.1	94	357803	1	8.59	14.34	33.824645	35.57746
"E.grandis"	2	"Bofete"	25	24	2536	217	3.1	94	357803	2	8.91	15.17	42.005831	42.85685
"E.grandis"	2	"Bofete"	25	24	2536	217	3.1	94	357803	3	7.64	13.8	28.713953	30.00832
"E.grandis"	2	"Bofete"	25	24	2536	217	3.1	94	357903	1	10.82	16.02	61.983639	62.62681
"E.grandis"	2	"Bofete"	25	24	2536	217	3.1	94	357903	2	10.19	15.92	57.865207	58.61243
"E.grandis"	2	"Bofete"	25	24	2536	217	3.1	94	357903	3	9.55	14.9	47.263989	48.70943
"E.grandis"	2	"Bofete"	25	24	2536	217	3.1	94	358003	1	11.78	16.83	83.69636	84.72356
"E.grandis"	2	"Bofete"	25	24	2536	217	3.1	94	358003	2	11.46	17.11	78.771041	79.59417
"E.grandis"	2	"Bofete"	25	24	2536	217	3.1	94	358003	3	12.73	17.35	94.01187	94.48186
"E.grandis"	2	"Bofete"	25	24	2536	217	3.1	94	360101	1	14.64	18.01	135.306605	135.5652
"E.grandis"	2	"Bofete"	25	24	2536	217	3.1	94	360205	1	6.68	11.75	18.861667	20.35511
"E.grandis"	2	"Bofete"	25	24	2536	217	3.1	94	360205	2	6.68	13.27	21.544406	23.15774
"E.grandis"	2	"Bofete"	25	24	2536	217	3.1	94	360205	3	6.37	12.82	19.349721	20.56015
"E.grandis"	2	"Bofete"	25	24	2536	217	3.1	94	360205	4	5.73	11.34	11.739075	13.96641
"E.grandis"	2	"Bofete"	25	24	2536	217	3.1	94	360205	5	6.05	11.62	16.215637	17.55778
"E.grandis"	2	"Bofete"	25	24	2536	217	3.1	94	360301	1	4.46	10.09	5.552973	8.019096
"E.grandis"	2	"Bofete"	25	24	2536	217	3.2	94	364206	1	7.96	14.93	36.195966	36.94319
"E.grandis"	2	"Bofete"	25	24	2536	217	3.2	94	364206	2	8.28	14.82	39.352677	40.29594
"E.grandis"	2	"Bofete"	25	24	2536	217	3.2	94	364206	3	7.64	13.74	29.876688	31.57798
"E.grandis"	2	"Bofete"	25	24	2536	217	3.2	94	364206	4	8.91	14.97	42.057856	43.02901
"E.grandis"	2	"Bofete"	25	24	2536	217	3.2	94	364206	5	8.28	14.75	35.695989	37.24548
"E.grandis"	2	"Bofete"	25	24	2536	217	3.2	94	364206	6	9.23	16.4	51.450966	52.86499
"E.grandis"	2	"Bofete"	25	24	2536	217	3.2	94	364309	1	10.19	17.05	68.806805	69.1255
"E.grandis"	2	"Bofete"	25	24	2536	217	3.2	94	364309	2	10.5	17.59	72.761328	73.64904
"E.grandis"	2	"Bofete"	25	24	2536	217	3.2	94	364309	3	9.55	15.87	52.453496	53.30452
"E.grandis"	2	"Bofete"	25	24	2536	217	3.2	94	364309	4	9.55	14.92	48.026795	49.054
"E.grandis"	2	"Bofete"	25	24	2536	217	3.2	94	364309	5	9.87	15.76	55.846039	56.66916
"E.grandis"	2	"Bofete"	25	24	2536	217	3.2	94	364309	6	10.82	17.38	73.671251	74.19504
"E.grandis"	2	"Bofete"	25	24	2536	217	3.2	94	364309	7	9.87	17.29	60.769629	61.99239
"E.grandis"	2	"Bofete"	25	24	2536	217	3.2	94	364309	8	10.82	16.31	68.864622	69.46431
"E.grandis"	2	"Bofete"	25	24	2536	217	3.2	94	364309	9	11.14	16.75	75.440565	76.34763
"E.grandis"	2	"Bofete"	25	24	2536	217	3.2	94	364403	1	11.78	17.23	86.722232	87.14272
"E.grandis"	2	"Bofete"	25	24	2536	217	3.2	94	364403	2	12.1	17.54	94.064668	94.76439
"E.grandis"	2	"Bofete"	25	24	2536	217	3.2	94	364403	3	13.05	17.39	109.015873	109.5397
"E.grandis"	2	"Bofete"	35	85	3515	20	3.2	95	504110	1	6.68	10.75	18.565603	19.48951
"E.grandis"	2	"Bofete"	35	85	3515	20	3.2	95	504110	2	7.32	11.53	23.257532	24.45187
"E.grandis"	2	"Bofete"	35	85	3515	20	3.2	95	504110	3	6.05	9.37	12.770841	13.80936
"E.grandis"	2	"Bofete"	35	85	3515	20	3.2	95	504110	4	6.37	9.34	13.898799	14.84533
"E.grandis"	2	"Bofete"	35	85	3515	20	3.2	95	504110	5	6.05	9.98	13.290586	14.49699
"E.grandis"	2	"Bofete"	35	85	3515	20	3.2	95	504110	6	7.32	10.63	21.795757	22.59953
"E.grandis"	2	"Bofete"	35	85	3515	20	3.2	95	504110	7	7	10.53	18.115193	19.45332
"E.grandis"	2	"Bofete"	35	85	3515	20	3.2	95	504110	8	5.73	9.75	11.61115	12.72155
"E.grandis"	2	"Bofete"	35	85	3515	20	3.2	95	504110	9	6.68	8.7	13.830461	15.16858
"E.grandis"	2	"Bofete"	35	85	3515	20	3.2	95	504110	10	7	10.47	18.115193	19.36937
"E.grandis"	2	"Bofete"	35	85	3515	20	3.2	95	504205	1	6.68	9.84	17.127476	18.05138
"E.grandis"	2	"Bofete"	35	85	3515	20	3.2	95	504205	2	6.37	9.84	14.492968	15.21204
"E.grandis"	2	"Bofete"	35	85	3515	20	3.2	95	504205	3	6.05	8.86	12.06608	12.86985
"E.grandis"	2	"Bofete"	35	85	3515	20	3.2	95	504205	4	7.32	9.73	19.472919	20.36063
"E.grandis"	2	"Bofete"	35	85	3515	20	3.2	95	504205	5	5.73	8.97	9.821164	11.26661
"E.grandis"	2	"Bofete"	35	85	3515	21	3.1	95	504308	1	8.91	11.95	36.175545	36.87526
"E.grandis"	2	"Bofete"	35	85	3515	21	3.1	95	504308	2	8.59	10.72	28.032883	29.23929
"E.grandis"	2	"Bofete"	35	85	3515	21	3.1	95	504308	3	7.64	10.38	21.016572	22.21091
"E.grandis"	2	"Bofete"	35	85	3515	21	3.1	95	504308	4	7.96	10.95	27.308015	28.02709
"E.grandis"	2	"Bofete"	35	85	3515	21	3.1	95	504308	5	9.23	11.58	37.710221	38.23401
"E.grandis"	2	"Bofete"	35	85	3515	21	3.1	95	504308	6	8.28	10.38	25.678126	26.59651
"E.grandis"	2	"Bofete"	35	85	3515	21	3.1	95	504308	7	8.28	10.03	26.068111	26.32673
"E.grandis"	2	"Bofete"	35	85	3515	21	3.1	95	504308	8	7.64	11.5	24.521207	25.64367
"E.grandis"	2	"Bofete"	35	85	3523	18	3.2	95	503910	1	4.46	7.95	5.46903	6.69881
"E.grandis"	2	"Bofete"	35	85	3523	18	3.2	95	503910	2	5.41	9.78	10.447252	11.65768
"E.grandis"	2	"Bofete"	35	85	3523	18	3.2	95	503910	3	4.77	9.16	6.325844	8.281992
"E.grandis"	2	"Bofete"	35	85	3523	18	3.2	95	503910	4	3.82	6.08	2.140367	3.294247
"E.grandis"	2	"Bofete"	35	85	3523	18	3.2	95	503910	5	4.14	6.8	3.906747	5.048563
"E.grandis"	2	"Bofete"	35	85	3523	18	3.2	95	503910	6	4.46	9.15	5.46903	7.2211
"E.grandis"	2	"Bofete"	35	85	3523	18	3.2	95	503910	7	4.14	8.5	3.782843	6.209755
"E.grandis"	2	"Bofete"	35	85	3523	18	3.2	95	503910	8	5.09	7.97	6.373596	8.043223
"E.grandis"	2	"Bofete"	35	85	3523	18	3.2	95	503910	9	4.77	8.03	6.325844	7.875337
"E.grandis"	2	"Bofete"	35	85	3523	18	3.2	95	503910	10	5.09	8.9	8.300594	9.526354
"E.grandis"	2	"Bofete"	35	85	3523	18	3.2	95	504001	1	3.82	7.04	2.408282	4.156331
"E.grandis"	2	"Bofete"	35	85	3523	18	3.2	95	504402	1	10.19	12.52	46.845207	47.84753
"E.grandis"	2	"Bofete"	35	85	3523	18	3.2	95	504402	2	10.82	13.13	52.890362	53.53354
"E.grandis"	2	"Bofete"	35	86	3516	5	3.3	95	500114	1	5.41	9.6	10.663394	11.66572
"E.grandis"	2	"Bofete"	35	86	3516	5	3.3	95	500114	2	4.46	7.62	5.46903	6.69881
"E.grandis"	2	"Bofete"	35	86	3516	5	3.3	95	500114	3	4.77	6.55	4.703494	6.129581
"E.grandis"	2	"Bofete"	35	86	3516	5	3.3	95	500114	4	5.09	8.4	8.364683	9.403199
"E.grandis"	2	"Bofete"	35	86	3516	5	3.3	95	500114	5	3.82	5.85	2.324339	3.554119
"E.grandis"	2	"Bofete"	35	86	3516	5	3.3	95	500114	6	4.46	7.32	4.406889	6.395454
"E.grandis"	2	"Bofete"	35	86	3516	5	3.3	95	500114	7	4.46	7.71	4.538836	6.646785
"E.grandis"	2	"Bofete"	35	86	3516	5	3.3	95	500114	8	5.41	7.6	8.195045	9.533167
"E.grandis"	2	"Bofete"	35	86	3516	5	3.3	95	500114	9	5.09	7.65	8.07264	8.715815
"E.grandis"	2	"Bofete"	35	86	3516	5	3.3	95	500114	10	4.14	7.3	3.866786	5.70355
"E.grandis"	2	"Bofete"	35	86	3516	5	3.3	95	500114	11	4.14	7.4	3.866786	5.747281
"E.grandis"	2	"Bofete"	35	86	3516	5	3.3	95	500114	12	4.14	6.69	3.706942	4.740687
"E.grandis"	2	"Bofete"	35	86	3516	5	3.3	95	500114	13	4.77	8.57	7.612711	9.142097
"E.grandis"	2	"Bofete"	35	86	3516	5	3.3	95	500114	14	3.82	7.5	2.408282	4.411432
"E.grandis"	2	"Bofete"	35	86	3516	5	3.3	95	500215	1	5.73	9.92	12.366707	13.50852
"E.grandis"	2	"Bofete"	35	86	3516	5	3.3	95	500215	2	6.68	10	17.299384	18.23435
"E.grandis"	2	"Bofete"	35	86	3516	5	3.3	95	500215	3	6.05	10.08	13.260419	13.93149
"E.grandis"	2	"Bofete"	35	86	3516	5	3.3	95	500215	4	6.68	9.72	17.507483	18.41455
"E.grandis"	2	"Bofete"	35	86	3516	5	3.3	95	500215	5	6.37	9.36	15.215271	15.6732
"E.grandis"	2	"Bofete"	35	86	3516	5	3.3	95	500215	6	7	10.58	21.903828	22.52765
"E.grandis"	2	"Bofete"	35	86	3516	5	3.3	95	500215	7	7	10.78	19.597553	20.24073
"E.grandis"	2	"Bofete"	35	86	3516	5	3.3	95	500215	8	7.32	11	21.411729	22.0549
"E.grandis"	2	"Bofete"	35	86	3516	5	3.3	95	500215	9	6.05	8.24	11.852188	12.11081
"E.grandis"	2	"Bofete"	35	86	3516	5	3.3	95	500215	10	6.05	9.45	14.127024	14.58495
"E.grandis"	2	"Bofete"	35	86	3516	5	3.3	95	500215	11	6.37	9.3	15.42489	16.43199
"E.grandis"	2	"Bofete"	35	86	3516	5	3.3	95	500215	12	6.68	9.3	15.360574	16.87865
"E.grandis"	2	"Bofete"	35	86	3516	5	3.3	95	500215	13	7.32	9.3	19.359307	19.74536
"E.grandis"	2	"Bofete"	35	86	3516	5	3.3	95	500215	14	7	9.23	15.520418	16.57552
"E.grandis"	2	"Bofete"	35	86	3516	5	3.3	95	500215	15	6.37	8.67	13.782685	14.56635
"E.grandis"	2	"Bofete"	35	86	3516	5	3.3	95	500305	1	8.28	9.3	24.049921	24.50785
"E.grandis"	2	"Bofete"	35	86	3516	5	3.3	95	500305	2	8.91	11.32	35.103131	35.62692
"E.grandis"	2	"Bofete"	35	86	3516	5	3.3	95	500305	3	7.64	9.43	20.798203	21.32199
"E.grandis"	2	"Bofete"	35	86	3516	5	3.3	95	500305	4	8.59	10.58	29.511222	30.21094
"E.grandis"	2	"Bofete"	35	86	3516	5	3.3	95	500305	5	7.96	10.53	24.890693	25.42655
"E.grandis"	2	"Bofete"	35	86	3516	5	3.3	95	500401	1	10.82	11.6	48.683302	49.21916
"E.grandis"	2	"Bofete"	35	86	3517	3	3	95	505903	1	4.14	8.25	3.754423	6.021989
"E.grandis"	2	"Bofete"	35	86	3517	3	3	95	505903	2	4.77	9.07	6.125788	7.830082
"E.grandis"	2	"Bofete"	35	86	3517	3	3	95	505903	3	5.09	9.26	8.300594	9.877984
"E.grandis"	2	"Bofete"	35	86	3517	3	3	95	506003	1	7.32	11.7	22.745327	24.08345
"E.grandis"	2	"Bofete"	35	86	3517	3	3	95	506003	2	5.73	10.23	12.45065	13.92399
"E.grandis"	2	"Bofete"	35	86	3517	3	3	95	506003	3	6.05	10.47	14.396961	15.50736
"E.grandis"	2	"Bofete"	35	86	3517	3	3	95	506103	1	9.23	12.58	38.208384	38.82014
"E.grandis"	2	"Bofete"	35	86	3517	3	3	95	506103	2	7.96	11.25	24.290775	25.1139
"E.grandis"	2	"Bofete"	35	86	3517	3	3	95	506103	3	8.59	12.12	32.04293	32.86605
"E.grandis"	2	"Bofete"	35	34	3521	41	2.1	96	525603	1	4.46	6	4.122889	4.946014
"E.grandis"	2	"Bofete"	35	34	3521	41	2.1	96	525603	2	5.41	6.14	5.851558	6.674683
"E.grandis"	2	"Bofete"	35	34	3521	41	2.1	96	525603	3	3.82	6.03	2.560606	3.702422
"E.grandis"	2	"Bofete"	35	34	3521	41	2.1	96	525703	1	6.68	8.3	12.797466	13.93199
"E.grandis"	2	"Bofete"	35	34	3521	41	2.1	96	525703	2	6.05	8	10.707875	11.40759
"E.grandis"	2	"Bofete"	35	34	3521	41	2.1	96	525703	3	6.37	7.53	10.844095	11.37995
"E.grandis"	2	"Bofete"	35	34	3521	41	2.1	96	525803	2	7.64	10.7	23.842658	24.77762
"E.grandis"	2	"Bofete"	35	34	3521	41	2.1	96	525803	3	7.96	9.3	20.204034	21.33856
"E.grandis"	2	"Bofete"	35	34	3521	41	2.1	96	527215	1	4.77	5.36	4.54365	5.06744
"E.grandis"	2	"Bofete"	35	34	3521	41	2.1	96	527215	2	4.46	5.23	4.178935	4.535588
"E.grandis"	2	"Bofete"	35	34	3521	41	2.1	96	527215	3	3.82	4.9	2.248438	2.872256
"E.grandis"	2	"Bofete"	35	34	3521	41	2.1	96	527215	4	5.09	5.78	5.746531	6.68979
"E.grandis"	2	"Bofete"	35	34	3521	41	2.1	96	527215	5	5.09	6.4	5.299392	6.421851
"E.grandis"	2	"Bofete"	35	34	3521	41	2.1	96	527215	6	4.77	6.15	5.454488	6.461585
"E.grandis"	2	"Bofete"	35	34	3521	41	2.1	96	527215	7	5.41	7.23	8.264902	9.199867
"E.grandis"	2	"Bofete"	35	34	3521	41	2.1	96	527215	8	5.09	7.02	6.429642	7.372902
"E.grandis"	2	"Bofete"	35	34	3521	41	2.1	96	527215	9	5.41	6.4	6.990393	7.526247
"E.grandis"	2	"Bofete"	35	34	3521	41	2.1	96	527215	10	3.82	4.93	2.560606	3.503865
"E.grandis"	2	"Bofete"	35	34	3521	41	2.1	96	527215	11	4.77	5.87	6.076013	6.254715
"E.grandis"	2	"Bofete"	35	34	3521	41	2.1	96	527215	12	4.46	5.34	4.318924	4.854778
"E.grandis"	2	"Bofete"	35	34	3521	41	2.1	96	527215	13	4.14	5.76	3.830846	4.3667
"E.grandis"	2	"Bofete"	35	34	3521	41	2.1	96	527215	14	4.14	6.56	2.720702	4.721331
"E.grandis"	2	"Bofete"	35	34	3521	41	2.1	96	527215	15	4.46	6.5	4.254836	5.509014
"E.grandis"	2	"Bofete"	35	34	3521	41	2.1	96	527310	1	6.05	6.3	8.233235	8.685145
"E.grandis"	2	"Bofete"	35	34	3521	41	2.1	96	527310	2	6.68	8.22	12.76982	13.74098
"E.grandis"	2	"Bofete"	35	34	3521	41	2.1	96	527310	3	7	7.13	11.973615	12.35817
"E.grandis"	2	"Bofete"	35	34	3521	41	2.1	96	527310	4	6.37	6.4	9.633128	10.40473
"E.grandis"	2	"Bofete"	35	34	3521	41	2.1	96	527310	5	6.37	8.02	14.306954	14.6915
"E.grandis"	2	"Bofete"	35	34	3521	41	2.1	96	527310	6	6.05	6	8.196502	8.553155
"E.grandis"	2	"Bofete"	35	34	3521	41	2.1	96	527310	7	6.68	9.5	14.696567	16.03871
"E.grandis"	2	"Bofete"	35	34	3521	41	2.1	96	527310	8	5.73	6.94	8.844966	9.66809
"E.grandis"	2	"Bofete"	35	34	3521	41	2.1	96	527310	9	6.37	6.6	10.105663	10.99338
"E.grandis"	2	"Bofete"	35	34	3521	41	2.1	96	527310	10	5.73	6.8	8.544881	9.572083
